0.2553343701399689 0.3368987263509336 0.2304510108864697 0.38636082601706445
0.2643856920684292 0.203969333498207 0.2301710730948678 0.2719797205391369
0.2006220839813375 0.2163348584147397 0.17573872472783825 0.26579695808087056
0.19906687402799378 0.2967107703722023 0.17573872472783825 0.3430814888092
0.1088646967340591 0.3368987263509336 0.06584758942457232 0.38636082601706445
0.1119751166407465 0.2812538642265364 0.08398133748055987 0.3368987263509336
0.1088646967340591 0.09577099047854581 0.06584758942457232 0.14523309014467664
0.9160186625194401 0.27816248299740326 0.8880248833592534 0.33380734512180044
0.8911353032659409 0.3368987263509336 0.8584758942457231 0.38636082601706445
0.7698289269051322 0.203969333498207 0.7356143079315708 0.2719797205391369
0.6080870917573873 0.2812538642265364 0.5800933125972006 0.3368987263509336
0.43993779160186625 0.3368987263509336 0.41505443234836703 0.38636082601706445
0.4199066874027994 0.2812538642265364 0.39346811819595645 0.33380734512180044
0.7153965785381027 0.2812538642265364 0.687402799377916 0.3368987263509336
0.8242612752721618 0.2967107703722023 0.7462519440124417 0.38636082601706445
0.8538102643856921 0.3368987263509336 0.8304821150855366 0.38326944478793123
0.9349922239502333 0.09886237170767899 0.9085536547433903 0.151415852602943
0.6080870917573873 0.40101397304315567 0.5800933125972006 0.45665883516755285
0.3026749611197512 0.2812538642265364 0.2762363919129082 0.33380734512180044
0.8242612752721618 0.21324347718560652 0.7978227060653188 0.2688883393100037
0.17107309486780714 0.33999010758006676 0.14774494556765164 0.38326944478793123
0.19290824261275272 0.3647211574131322 0.17191290824261277 0.4698281192036602
0.1695800933125972 0.4157289476938296 0.15013996889580095 0.4574625942871275
