0.7698289269051322 0.7981151704302062 0.7356143079315708 0.7307998286518573
0.19287713841368584 0.6390061807722905 0.1718818040435459 0.5349733798421149
0.1088646967340591 0.905146563857781 0.06581648522550544 0.8562511474205985
0.1119751166407465 0.7216204638639006 0.08398133748055987 0.6665442751361605
0.1088646967340591 0.6665442751361605 0.06581648522550544 0.6175876629337249
0.9396267496111975 0.9112661403830855 0.8911353032659409 0.850131570895294
0.9160186625194401 0.7246802521265528 0.8880248833592534 0.6696040633988127
0.8242612752721618 0.7063215225506395 0.7462208398133748 0.6175876629337249
0.16954898911353034 0.5885196744385288 0.15010886469673407 0.5472125328927238
0.7153965785381027 0.7216204638639006 0.687402799377916 0.6665442751361605
0.8242612752721618 0.7889358056422495 0.7978227060653188 0.7338596169145095
0.8911353032659409 0.6665442751361605 0.8584758942457231 0.6175876629337249
0.8538102643856921 0.6665442751361605 0.8304821150855366 0.6206474511963772
0.2643856920684292 0.7981151704302062 0.2301710730948678 0.7307998286518573
0.255303265940902 0.6665442751361605 0.2304199066874028 0.6175876629337249
0.3056298600311042 0.7216204638639006 0.27919129082426125 0.6696040633988127
0.20217729393468117 0.7858760173795973 0.17573872472783825 0.7338596169145095
0.19906687402799378 0.7063215225506395 0.17573872472783825 0.6604246986108562
0.17107309486780714 0.6634844868735084 0.14774494556765164 0.6206474511963772
0.4199066874027994 0.7216204638639006 0.39191290824261277 0.6665442751361605
0.6080870917573873 0.7216204638639006 0.5800933125972006 0.6665442751361605
