0.25370443811515303 0.06392103871687915 0.22378050978836933 0.13994477410257916
0.21213541478891013 0.13806474355208273 0.1781014529329055 0.1885318136419717
0.11785701409669394 0.18265671817167028 0.09153837833940225 0.23147876152987487
0.18076936943432959 0.04958580576934375 0.12470706997872877 0.09981787204042065
0.4750333489562678 0.16873274190705598 0.418971049500667 0.2189648081781329
0.5597937772650251 0.08659890723224252 0.5289685257958683 0.2130897127078315
0.21487543714172405 0.17977792139122262 0.1831128096044994 0.23147876152987487
0.37833940224249196 0.13359967099465367 0.34751415077333525 0.17795664179542917
0.46739012870894475 0.0 0.41763709124995496 0.04341695552552729
0.1464469841727656 0.49415428000705014 0.12524786386415257 0.5286998413724223
0.5213613584742401 0.47400270254391635 0.4981072214010167 0.5136595969684508
0.9241085914121931 0.4214793490394219 0.8818185095720518 0.4889254450384819
