0.23327591157048522 0.070383631713555 0.20277060005742176 0.0486445012787724
0.23327591157048522 0.13621483375959076 0.20277060005742176 0.11447570332480816
0.23327591157048522 0.20186700767263432 0.20277060005742176 0.18012787723785162
0.23327591157048522 0.2651662404092071 0.20277060005742176 0.24342710997442452
0.23327591157048522 0.3300511508951407 0.20277060005742176 0.3083120204603581
0.23327591157048522 0.3941432225063939 0.20277060005742176 0.3724040920716113
0.23327591157048522 0.4562148337595908 0.20277060005742176 0.4344757033248082
0.23327591157048522 0.5256265984654731 0.20277060005742176 0.5038874680306905
0.3158196956646569 0.040971867007672635 0.28531438415159344 0.01923273657289004
0.3373528567327017 0.13554987212276215 0.30684754521963825 0.11381074168797956
0.3158196956646569 0.3880562659846547 0.28531438415159344 0.3663171355498721
0.27135371805914443 0.8516624040920716 0.24084840654608097 0.829923273657289
0.3158196956646569 0.7814578005115089 0.28531438415159344 0.7597186700767263
0.3158196956646569 0.5849360613810741 0.28531438415159344 0.5631969309462916
0.23327591157048522 0.7829411764705883 0.20277060005742176 0.7612020460358057
0.17531581969566465 0.5537084398976981 0.1501937984496124 0.5332480818414322
0.24583692219351133 0.6918158567774937 0.2153316106804479 0.670076726342711
0.17531581969566465 0.578005115089514 0.1501937984496124 0.5579283887468031
0.17711024978466838 0.6304347826086957 0.1501937984496124 0.6099744245524297
0.17711024978466838 0.6572890025575447 0.1501937984496124 0.632992327365729
0.17531581969566465 0.6074168797953965 0.15733563020384725 0.5946291560102301
0.23327591157048522 0.5618670076726342 0.20277060005742176 0.5401278772378517
0.23327591157048522 0.6514322250639386 0.20277060005742176 0.629693094629156
0.21170686190066035 0.7199488491048593 0.18299598047660062 0.6994884910485933
0.3158196956646569 0.8206393861892582 0.2871088142405972 0.8001790281329924
0.3158196956646569 0.17030690537084403 0.28531438415159344 0.14856777493606144
