0.26229869843370834 0.3957945814799838 0.19979410250753732 0.32705216336433485
0.2557540995661446 0.23081277800242617 0.19633796602691375 0.1653861706429438
0.7516729171262593 0.7089365143550344 0.6971100816236488 0.6489284270117266
0.40091183175233475 0.6270117266477961 0.3344363556143834 0.5539021431459765
0.6308552099419075 0.7168621107966033 0.5641591293477461 0.6428629195309341
0.3344363556143834 0.8919530934088152 0.26501948672696524 0.8034775576223211
0.594014265754835 0.8919530934088152 0.5245973968674167 0.8156085725839062
0.6627693212736231 0.8001617468661545 0.5996764467975586 0.7229276182773958
0.513567174056916 0.24367165386170642 0.3454665784248842 0.17589971694298423
0.26501948672696524 0.7116053376465832 0.21428046179866167 0.6428629195309341
0.6627693212736231 0.23081277800242617 0.5977645415104051 0.08532147189648198
0.26501948672696524 0.8001617468661545 0.14736377674829032 0.6731904569348969
0.4049562467828517 0.17274565305297207 0.33877490991984704 0.09995956328346134
0.5203323773806897 0.17274565305297207 0.4541510405176851 0.09995956328346134
0.5245973968674167 0.6270117266477961 0.45819545554820207 0.5539021431459765
0.6627693212736231 0.6307319045693489 0.6032796529156556 0.49332794177112815
0.6630634605485698 0.3957945814799838 0.6005588646223987 0.32705216336433485
0.3344363556143834 0.7403962798220785 0.2873005368041768 0.6845127375657096
0.3344363556143834 0.7991103922361504 0.2873005368041768 0.7432268499797816
0.2595779101404515 0.5587545491306105 0.19633796602691375 0.49332794177112815
