0.23327591157048522 0.929616368286445 0.20277060005742176 0.9513554987212276
0.23327591157048522 0.8637851662404092 0.20277060005742176 0.8855242966751918
0.23327591157048522 0.7981329923273657 0.20277060005742176 0.8198721227621484
0.23327591157048522 0.7348337595907929 0.20277060005742176 0.7565728900255755
0.23327591157048522 0.6699488491048593 0.20277060005742176 0.6916879795396419
0.23327591157048522 0.6058567774936061 0.20277060005742176 0.6275959079283887
0.23327591157048522 0.5437851662404092 0.20277060005742176 0.5655242966751918
0.23327591157048522 0.47437340153452684 0.20277060005742176 0.4961125319693095
0.3158196956646569 0.9590281329923274 0.28531438415159344 0.98076726342711
0.3373528567327017 0.8644501278772379 0.30684754521963825 0.8861892583120204
0.3158196956646569 0.6119437340153453 0.28531438415159344 0.6336828644501279
0.27135371805914443 0.1483375959079284 0.24084840654608097 0.170076726342711
0.3158196956646569 0.21854219948849105 0.28531438415159344 0.24028132992327367
0.3158196956646569 0.4150639386189258 0.28531438415159344 0.4368030690537084
0.23327591157048522 0.21705882352941178 0.20277060005742176 0.23879795396419437
0.17531581969566465 0.4462915601023018 0.1501937984496124 0.46675191815856776
0.24583692219351133 0.30818414322250637 0.2153316106804479 0.329923273657289
0.17531581969566465 0.4219948849104859 0.1501937984496124 0.44207161125319694
0.17711024978466838 0.3695652173913043 0.1501937984496124 0.3900255754475703
0.17711024978466838 0.34271099744245526 0.1501937984496124 0.3670076726342711
0.17531581969566465 0.39258312020460356 0.15733563020384725 0.4053708439897698
0.23327591157048522 0.43813299232736574 0.20277060005742176 0.45987212276214834
0.23327591157048522 0.3485677749360614 0.20277060005742176 0.370306905370844
0.21170686190066035 0.28005115089514065 0.18299598047660062 0.30051150895140666
0.3158196956646569 0.1793606138107417 0.2871088142405972 0.19982097186700767
0.3158196956646569 0.829693094629156 0.28531438415159344 0.8514322250639386
