0.9160186625194401 0.719954169933064 0.8880248833592534 0.6144244105409153
0.8242612752721618 0.6506060423325092 0.8009331259720062 0.5933184586624857
0.7698289269051322 0.7410601218114937 0.7356143079315708 0.6747271301935718
0.8242612752721618 0.7289995778809624 0.7978227060653188 0.6777422661762045
0.6080870917573873 0.6656817222456732 0.5800933125972006 0.6114092745582826
0.2846034214618974 0.6114092745582826 0.2304510108864697 0.5631670988361575
0.2643856920684292 0.7410601218114937 0.2301710730948678 0.6747271301935718
0.19751166407465007 0.6506060423325092 0.17573872472783825 0.6083941385756497
0.1166407465007776 0.6686968582283062 0.08398133748055987 0.6144244105409153
0.14307931570762053 0.6114092745582826 0.1181959564541213 0.5631670988361575
0.17107309486780714 0.6083941385756497 0.14774494556765164 0.5661822348187904
0.2006220839813375 0.7289995778809624 0.17573872472783825 0.6807574021588374
0.25838258164852257 0.888741482240849 0.2286158631415241 0.8284990653078455
0.3328149300155521 0.6717119942109389 0.29237947122861585 0.6295000904540795
0.7698289269051322 0.8767412410299704 0.7293934681181959 0.8315142012904781
0.8864696734059098 0.768196345655189 0.8631415241057543 0.7229693059156967
0.8818040435458787 0.6083941385756497 0.8584758942457231 0.5631670988361575
0.8522550544323484 0.6083941385756497 0.8304821150855366 0.5661822348187904
0.9315707620528771 0.8435747452210095 0.9082426127527217 0.7983477054815172
0.7153965785381027 0.6656817222456732 0.687402799377916 0.6114092745582826
0.31259720062208396 0.6656817222456732 0.2846034214618974 0.6114092745582826
