0.3235190339906692 0.6522009505618975 0.2898027992315835 0.6137787056367432
0.5731759909044576 0.4258428463554391 0.5434194534833575 0.3905299160485053
0.7061198886580154 0.44845200550792874 0.6811071470576704 0.42131213076888907
0.38558042890187005 0.8609247990050193 0.33402595365977966 0.8192155643406032
0.17897047869212374 0.9669968462666015 0.13545301289842004 0.9310620530360236
0.6708354569333909 0.41345000666281706 0.6404908456502136 0.3783147514769244
0.4489355863096405 0.539865855283614 0.41894381934370956 0.5060187447252699
0.30262280942486375 0.4583129747257141 0.27121966518994783 0.4223781814951362
0.2864703806798134 0.46368764713720956 0.2535382444034971 0.42619819659752145
0.3727996236327283 0.4152711766534891 0.340533971066766 0.37698218806911565
0.35507899792213904 0.46541997956736103 0.32171560748029954 0.4284635543907964
0.6349237464225507 0.7357970950117709 0.6051280040773122 0.7015946342113446
0.4601873995373819 0.952116554879403 0.42984278825420474 0.9181806067605384
0.47069431920649235 0.8615466619286635 0.4367036499784373 0.8222804601785635
0.41753244207472456 0.9124061653267002 0.390559454267456 0.8814462754852752
0.4291763045438507 0.6712566072935637 0.39718508644685774 0.626127126549105
0.5558474144352531 0.9101852263136854 0.5259340573175991 0.8756718340514369
