0.7698289269051322 0.20188482956979378 0.7356143079315708 0.2692001713481427
0.19287713841368584 0.36099381922770946 0.1718818040435459 0.4650266201578851
0.1088646967340591 0.09485343614221896 0.06581648522550544 0.1437488525794015
0.1119751166407465 0.2783795361360994 0.08398133748055987 0.3334557248638394
0.1088646967340591 0.3334557248638394 0.06581648522550544 0.38241233706627503
0.9396267496111975 0.0887338596169145 0.8911353032659409 0.14986842910470596
0.9160186625194401 0.27531974787344715 0.8880248833592534 0.3303959366011872
0.8242612752721618 0.2936784774493605 0.7462208398133748 0.38241233706627503
0.16954898911353034 0.4114803255614711 0.15010886469673407 0.4527874671072762
0.7153965785381027 0.2783795361360994 0.687402799377916 0.3334557248638394
0.8242612752721618 0.21106419435775045 0.7978227060653188 0.2661403830854905
0.8911353032659409 0.3334557248638394 0.8584758942457231 0.38241233706627503
0.8538102643856921 0.3334557248638394 0.8304821150855366 0.3793525488036228
0.2643856920684292 0.20188482956979378 0.2301710730948678 0.2692001713481427
0.255303265940902 0.3334557248638394 0.2304199066874028 0.38241233706627503
0.3056298600311042 0.2783795361360994 0.27919129082426125 0.3303959366011872
0.20217729393468117 0.21412398262040266 0.17573872472783825 0.2661403830854905
0.19906687402799378 0.2936784774493605 0.17573872472783825 0.3395753013891439
0.17107309486780714 0.33651551312649164 0.14774494556765164 0.3793525488036228
0.4199066874027994 0.2783795361360994 0.39191290824261277 0.3334557248638394
0.6080870917573873 0.2783795361360994 0.5800933125972006 0.3334557248638394
