0.42940342541859844 0.05186855670103093 0.4274876432047205 0.055895618556701034
0.4474117782290509 0.05186855670103093 0.445495996015173 0.055895618556701034
0.4790988160465918 0.10905283505154639 0.475267251618836 0.1171069587628866
0.4790988160465918 0.06717139175257732 0.475267251618836 0.07522551546391752
0.4591746810222614 0.06717139175257732 0.45534311659450555 0.07522551546391752
0.4591746810222614 0.10905283505154639 0.45534311659450555 0.1171069587628866
0.44323537300279703 0.17453286082474226 0.4410513812789762 0.1872583762886598
0.4432736886470746 0.16970038659793815 0.44128127514464155 0.17461340206185566
0.4277558527146634 0.16970038659793815 0.42576343921223037 0.18210373711340205
0.4279091152917736 0.18202319587628865 0.4257251235679528 0.1873389175257732
