0.9160186625194401 0.280045830066936 0.8880248833592534 0.3855755894590846
0.8242612752721618 0.3493939576674908 0.8009331259720062 0.40668154133751433
0.7698289269051322 0.2589398781885063 0.7356143079315708 0.3252728698064283
0.8242612752721618 0.2710004221190376 0.7978227060653188 0.32225773382379547
0.6080870917573873 0.3343182777543267 0.5800933125972006 0.3885907254417174
0.2846034214618974 0.3885907254417174 0.2304510108864697 0.4368329011638425
0.2643856920684292 0.2589398781885063 0.2301710730948678 0.3252728698064283
0.19751166407465007 0.3493939576674908 0.17573872472783825 0.3916058614243502
0.1166407465007776 0.3313031417716939 0.08398133748055987 0.3855755894590846
0.14307931570762053 0.3885907254417174 0.1181959564541213 0.4368329011638425
0.17107309486780714 0.3916058614243502 0.14774494556765164 0.4338177651812097
0.2006220839813375 0.2710004221190376 0.17573872472783825 0.31924259784116266
0.25838258164852257 0.11125851775915094 0.2286158631415241 0.1715009346921546
0.3328149300155521 0.3282880057890611 0.29237947122861585 0.37049990954592055
0.7698289269051322 0.12325875897002955 0.7293934681181959 0.1684857987095218
0.8864696734059098 0.23180365434481096 0.8631415241057543 0.2770306940843032
0.8818040435458787 0.3916058614243502 0.8584758942457231 0.4368329011638425
0.8522550544323484 0.3916058614243502 0.8304821150855366 0.4338177651812097
0.9315707620528771 0.15642525477899052 0.9082426127527217 0.2016522945184828
0.7153965785381027 0.3343182777543267 0.687402799377916 0.3885907254417174
0.31259720062208396 0.3343182777543267 0.2846034214618974 0.3885907254417174
