0.2553343701399689 0.6631012736490665 0.2304510108864697 0.6136391739829355
0.2643856920684292 0.796030666501793 0.2301710730948678 0.7280202794608631
0.2006220839813375 0.7836651415852602 0.17573872472783825 0.7342030419191294
0.19906687402799378 0.7032892296277977 0.17573872472783825 0.6569185111908
0.1088646967340591 0.6631012736490665 0.06584758942457232 0.6136391739829355
0.1119751166407465 0.7187461357734636 0.08398133748055987 0.6631012736490665
0.1088646967340591 0.9042290095214542 0.06584758942457232 0.8547669098553233
0.9160186625194401 0.7218375170025968 0.8880248833592534 0.6661926548781996
0.8911353032659409 0.6631012736490665 0.8584758942457231 0.6136391739829355
0.7698289269051322 0.796030666501793 0.7356143079315708 0.7280202794608631
0.6080870917573873 0.7187461357734636 0.5800933125972006 0.6631012736490665
0.43993779160186625 0.6631012736490665 0.41505443234836703 0.6136391739829355
0.4199066874027994 0.7187461357734636 0.39346811819595645 0.6661926548781996
0.7153965785381027 0.7187461357734636 0.687402799377916 0.6631012736490665
0.8242612752721618 0.7032892296277977 0.7462519440124417 0.6136391739829355
0.8538102643856921 0.6631012736490665 0.8304821150855366 0.6167305552120688
0.9349922239502333 0.901137628292321 0.9085536547433903 0.848584147397057
0.6080870917573873 0.5989860269568443 0.5800933125972006 0.5433411648324471
0.3026749611197512 0.7187461357734636 0.2762363919129082 0.6661926548781996
0.8242612752721618 0.7867565228143935 0.7978227060653188 0.7311116606899963
0.17107309486780714 0.6600098924199332 0.14774494556765164 0.6167305552120688
0.19290824261275272 0.6352788425868678 0.17191290824261277 0.5301718807963398
0.1695800933125972 0.5842710523061704 0.15013996889580095 0.5425374057128725
