0.28152541318457996 0.6981516464792384 0.261680111150281 0.662777345630996
0.1874416772079713 0.6613327406748898 0.16765858615183626 0.6185872504352335
0.20674781743151607 0.6981516464792384 0.18843705285859444 0.662777345630996
0.8230305041162931 0.6613327406748898 0.803247413060158 0.6081046042152831
0.8016091906351741 0.6981516464792384 0.7817638886008751 0.662777345630996
0.4847479418534724 0.8209430677482683 0.46390726416855027 0.7856058080527466
0.4837525662028493 0.7107456384042672 0.46390726416855027 0.6753713375560247
0.7253800053916181 0.6981516464792384 0.7055347033573192 0.662777345630996
0.7767870103477593 0.6081046042152831 0.7591190925491985 0.5727673445197614
0.7234099910830931 0.6069563284809423 0.7035646890487941 0.5715820276326999
0.7765381664351035 0.46582953661517945 0.7397300043547684 0.3897099677741971
0.6703855006946893 0.434085268733563 0.635733985857371 0.3713375560247435
0.9360885884329054 0.72467311182724 0.9163054973767705 0.6925584324184169
0.07374074611699812 0.72467311182724 0.05395765506086307 0.6925584324184169
0.4484789415838915 0.6981516464792384 0.4286336395495925 0.662777345630996
0.19270887335918546 0.5669148423898951 0.154760176679178 0.5322813645960662
0.2514360367459511 0.6392191725006482 0.23159073471165212 0.6038819128051265
0.21205648756817286 0.5669148423898951 0.19119507289052942 0.5322813645960662
0.3139373328079962 0.5669148423898951 0.29313812910851667 0.5322813645960662
0.3532339340148892 0.6392191725006482 0.33363747589324594 0.6038819128051265
0.2743918876884474 0.6392191725006482 0.2544636376832632 0.6038819128051265
0.5223648466499389 0.6069563284809423 0.5003214233871804 0.5715820276326999
0.41865914605063975 0.6069563284809423 0.3966157227878813 0.5715820276326999
0.753105364660017 0.6392191725006482 0.7347738630943741 0.6038819128051265
0.5595462745992577 0.6981516464792384 0.5397009725649586 0.662777345630996
