0.41282724969503615 0.8259034757922198 0.3729473585436802 0.8001739174914959
0.3049169559913672 0.8259034757922198 0.26503706484001127 0.8001739174914959
0.3049169559913672 0.2651474462262462 0.26503706484001127 0.2434077597892529
0.3049169559913672 0.7829356249520448 0.26503706484001127 0.7611959385150515
0.3049169559913672 0.5901941226118315 0.26503706484001127 0.5684544361748383
0.3049169559913672 0.4593979385662037 0.26503706484001127 0.4376582521292105
0.3049169559913672 0.39412772705184274 0.26503706484001127 0.37238804061484954
0.3049169559913672 0.3300340162152485 0.26503706484001127 0.3082943297782552
0.41282724969503615 0.7827310161385201 0.3729473585436802 0.7364126959768792
0.2744205686403303 0.7199672625898361 0.23688655343905415 0.6995063812373719
0.3049169559913672 0.5256144658431162 0.26503706484001127 0.5038747794061229
0.3049169559913672 0.2018465945420599 0.26503706484001127 0.18010690810506658
0.42690250539551466 0.07800711015626993 0.3870226142441588 0.05626742371927673
0.3557286290700948 0.07800711015626993 0.3049169559913672 0.05626742371927673
0.3049169559913672 0.13491393641781124 0.26503706484001127 0.11317424998081793
0.41282724969503615 0.17028568505588382 0.3729473585436802 0.1485459986188905
0.3049169559913672 0.6551318448042149 0.26503706484001127 0.6333921583672217
0.4691282724969504 0.10834036676129821 0.42924838134559445 0.08660068032430501
0.41282724969503615 0.23824138724775568 0.3729473585436802 0.21650170081076248
0.41282724969503615 0.3025908591012558 0.3729473585436802 0.2808511726642625
0.41282724969503615 0.36681245044630295 0.3729473585436802 0.34507276400930975
0.41282724969503615 0.45653341517685875 0.3729473585436802 0.41006163840507426
0.41282724969503615 0.5281464999104837 0.3729473585436802 0.47937287398654693
0.41282724969503615 0.5637228573620809 0.3729473585436802 0.5419831709250875
0.41282724969503615 0.6272027417581012 0.3729473585436802 0.605463055321108
0.41282724969503615 0.7199672625898361 0.3729473585436802 0.6708355712422313
0.32368396359200524 0.691577789713292 0.2861499483907291 0.6711169083608277
