0.41282724969503615 0.17409652420778024 0.3729473585436802 0.19982608250850406
0.3049169559913672 0.17409652420778024 0.26503706484001127 0.19982608250850406
0.3049169559913672 0.7348525537737538 0.26503706484001127 0.7565922402107471
0.3049169559913672 0.2170643750479552 0.26503706484001127 0.23880406148494845
0.3049169559913672 0.4098058773881685 0.26503706484001127 0.4315455638251618
0.3049169559913672 0.5406020614337963 0.26503706484001127 0.5623417478707895
0.3049169559913672 0.6058722729481573 0.26503706484001127 0.6276119593851505
0.3049169559913672 0.6699659837847515 0.26503706484001127 0.6917056702217448
0.41282724969503615 0.21726898386147983 0.3729473585436802 0.2635873040231208
0.2744205686403303 0.28003273741016393 0.23688655343905415 0.3004936187626282
0.3049169559913672 0.4743855341568838 0.26503706484001127 0.4961252205938771
0.3049169559913672 0.7981534054579401 0.26503706484001127 0.8198930918949334
0.42690250539551466 0.9219928898437301 0.3870226142441588 0.9437325762807233
0.3557286290700948 0.9219928898437301 0.3049169559913672 0.9437325762807233
0.3049169559913672 0.8650860635821888 0.26503706484001127 0.8868257500191821
0.41282724969503615 0.8297143149441162 0.3729473585436802 0.8514540013811095
0.3049169559913672 0.34486815519578506 0.26503706484001127 0.3666078416327783
0.4691282724969504 0.8916596332387018 0.42924838134559445 0.913399319675695
0.41282724969503615 0.7617586127522443 0.3729473585436802 0.7834982991892375
0.41282724969503615 0.6974091408987442 0.3729473585436802 0.7191488273357375
0.41282724969503615 0.633187549553697 0.3729473585436802 0.6549272359906902
0.41282724969503615 0.5434665848231413 0.3729473585436802 0.5899383615949257
0.41282724969503615 0.4718535000895164 0.3729473585436802 0.5206271260134531
0.41282724969503615 0.4362771426379191 0.3729473585436802 0.4580168290749124
0.41282724969503615 0.37279725824189874 0.3729473585436802 0.39453694467889205
0.41282724969503615 0.28003273741016393 0.3729473585436802 0.32916442875776875
0.32368396359200524 0.3084222102867081 0.2861499483907291 0.32888309163917234
