0.6157552223780247 0.6409537166900421 0.5823895300758638 0.5960729312762973
0.5565383094236508 0.6563331237607003 0.5138604249811239 0.599023069110606
0.3026642217667997 0.6398897325530783 0.2692266206450221 0.5949122213087005
0.4262395282781433 0.5318469797359384 0.39154352281307303 0.49035159839435116
0.5514687376406716 0.5823378633264014 0.5001617948441376 0.48493495187889923
0.41965987128321286 0.48000193451661266 0.3898177111422716 0.43986071480388833
0.4008916693632474 0.8166561880350147 0.35702728939704453 0.7749189921168448
0.3673102506022364 0.6418242491657398 0.3323625642685075 0.595782753784398
0.9185992161938662 0.634811626444842 0.8850537518426635 0.5896890264545147
0.40808255132492 0.28809788654060065 0.3879480818322367 0.2610146539633409
0.43630676302448496 0.28780770904870145 0.4161722935318017 0.2607244764714417
0.13328299715960162 0.6394544663152295 0.09991730485744077 0.5945253179861683
0.1927875453924424 0.6904773419741742 0.1593499442706648 0.6454998307297963
0.47362744040556576 0.7219615998452387 0.41045554237227194 0.6772742660927601
0.36677093445511094 0.5815156937660202 0.33369287743141696 0.5185955409392078
0.49750116851831877 0.2522126033757315 0.4773666990256355 0.22512937079847173
0.49656635386330134 0.48024374909319534 0.46672419372236007 0.440102529380471
