0.9614137269177312 0.47566083075866805 0.9460917334039314 0.5074493649158943
0.1679628036269773 0.3118434603501545 0.1478919849096565 0.3504634397528321
0.33271559997352573 0.43086165465156195 0.3161526242636839 0.4694816340542396
0.3727083195446423 0.38925506350841055 0.35904096895889864 0.417610710607621
0.3727083195446423 0.41771369721936147 0.35904096895889864 0.4460693443185719
0.9854887815209478 0.41771369721936147 0.9718214309352042 0.4460693443185719
0.9854887815209478 0.38925506350841055 0.9718214309352042 0.417610710607621
0.548232841352836 0.32574665293511845 0.5329108478390363 0.35753518709234466
0.6479085313389371 0.32574665293511845 0.6325865378251373 0.35753518709234466
0.7475842213250381 0.32574665293511845 0.7322622278112383 0.35753518709234466
0.8472599113111391 0.32574665293511845 0.8319379177973394 0.35753518709234466
0.19519822622278113 0.43086165465156195 0.1786352505129393 0.4694816340542396
0.3046694023429744 0.3118434603501545 0.27743397974717054 0.3504634397528321
0.2772354225958038 0.3118434603501545 0.257164603878483 0.3504634397528321
0.21487193063736845 0.35753518709234466 0.19890462638162684 0.4237899073120494
0.6698490965649613 0.3866117404737384 0.6545271030511616 0.41840027463096463
0.5185650936527897 0.4253690353587367 0.50324310013899 0.4571575695159629
0.6867595472896949 0.3866117404737384 0.6714375537758952 0.41840027463096463
0.6182407836388907 0.4253690353587367 0.602918790125091 0.4571575695159629
0.37045800516248595 0.4873669756265019 0.3395823681249586 0.524133196017851
0.7179164736249918 0.4253690353587367 0.702594480111192 0.4571575695159629
0.39843801707591503 0.46316512186749054 0.38311602356211527 0.4949536560247168
0.06214838837778807 0.37689667009955374 0.0427063339731286 0.4148300720906282
0.8175921636110928 0.4253690353587367 0.802270170097293 0.4571575695159629
0.41888940366668875 0.49824922760041196 0.403567410152889 0.5300377617576382
0.8388708716658945 0.4253690353587367 0.8235488781520948 0.4571575695159629
0.4482924084982461 0.32574665293511845 0.4329704149844464 0.35753518709234466
0.9409623403269575 0.47566083075866805 0.9256403468131578 0.5074493649158943
0.4002084850089351 0.5800549261929282 0.3881957773512476 0.6049776862341228
