0.1716448369262736 0.4914801888729214 0.1571184742681162 0.5139487670795411
0.15671032614745278 0.6394762654257624 0.1384549738414159 0.6573142635552818
0.15806463582056324 0.544811697347111 0.14355682534970873 0.5672802755537307
0.0788467960372528 0.6100047902552522 0.06574895180141739 0.6293711079176076
0.1242625505547104 0.6548507037113073 0.10917962227746651 0.6666666666666666
0.09060888278728062 0.6419170145304409 0.07554450669733961 0.6537329774858003
0.15181254869949168 0.4898834371221971 0.13873325665095915 0.5092497547845526
0.13437349263478163 0.5584753301854513 0.12129420058624912 0.5778188371085107
0.08083188007866128 0.5379912862975889 0.06775258803012875 0.5573576039599444
0.09934696300693852 0.46985560802025594 0.08624911877110311 0.4891991149433153
0.1120366591221105 0.38853532242979993 0.0989388148862751 0.4079016400921554
0.1359504285555267 0.2945778872693264 0.12285258431969129 0.31394420493168185
0.36117398241252646 0.8191792696001278 0.3267225705910727 0.8416934692853395
0.7365218359244555 0.21606332261228586 0.7209936551519424 0.25287985583612765
0.2797855367147787 0.762813932799562 0.2553894104114875 0.7849403499167408
0.23676301435939298 0.7037341180227651 0.21438907647211605 0.7369237436985333
0.7365218359244555 0.2637149570017564 0.7209936551519424 0.2817354410456443
0.3045527067641275 0.6282533816921007 0.28785573819153276 0.6510641209881612
0.6677488775926682 0.21606332261228586 0.652220696820155 0.24530669038983555
0.6677488775926682 0.29512534501243187 0.652220696820155 0.3131458290563197
0.32774294089273126 0.6832044526563106 0.3064079254944158 0.7037341180227651
0.7411784349374791 0.7457286890668127 0.7251678972950911 0.7644791167681745
0.7411784349374791 0.7153219735851639 0.7251678972950911 0.736467528912612
0.7141850024117844 0.8351924085859622 0.6900671589180364 0.8499509569105135
0.7141850024117844 0.8500878213462898 0.6900671589180364 0.864846369670841
0.785759341026307 0.7899359018225781 0.7697488033839189 0.826068112867538
0.7678935846536307 0.885946303519697 0.7273570553968313 0.9277355779100801
0.5418908389299099 0.7944296174639021 0.5272346109606323 0.8135222062547047
0.43144966791584727 0.7250165377859896 0.4138250899781084 0.7466867401172472
0.785759341026307 0.629507972353384 0.7688211940187748 0.6508816350737927
0.3663314904827279 0.7261570747507927 0.32774294089273126 0.7466867401172472
0.40872323846981556 0.7261570747507927 0.37004192794330454 0.7466867401172472
0.7608808578531409 0.41353589269828234 0.7441838892805461 0.43292502109993386
0.7816222032577641 0.3765824950386642 0.7630700159548811 0.4306439471703278
0.785610923527884 0.8858322498232167 0.7707691736855775 0.9052213782248683
0.8064079254944158 0.8827071785396565 0.7924937850172535 0.900955769976505
0.8195614262921599 0.8363329455507653 0.795443582798412 0.8510914938753165
0.8195614262921599 0.8512283583110929 0.795443582798412 0.865986906635644
0.7349077956291047 0.37772303200346724 0.7191384364216541 0.3959716234403157
0.9095395347111425 0.8351924085859622 0.8951615895514081 0.8671274436004471
0.849671626284739 0.34772690982914756 0.8376498089124708 0.3615274071032642
0.9600571407368929 0.1338534181892835 0.9427665021706059 0.1576450192750747
0.9098920262698972 0.1388945915737129 0.8956068420466773 0.1576450192750747
0.5284590553226225 0.35942881908802665 0.5129308745501094 0.3774493031319145
0.49261622945345257 0.35942881908802665 0.47708804868093946 0.3774493031319145
0.4322659641571741 0.3576495814229339 0.41760973618789654 0.3767193594744406
0.39020815554153837 0.3342001414265836 0.37467997476902526 0.3522206254704715
0.6144669956587882 0.5473893108875658 0.5989388148862751 0.5654097949314537
0.6144669956587882 0.7056274093843381 0.596415717413083 0.7264308036223454
0.6352454454380171 0.5208147996076553 0.6196987124782012 0.543328999292867
0.6386961522763533 0.45368279385934895 0.6182887462431821 0.46736923743698533
0.6004044376832028 0.4330846962750063 0.5846350784757522 0.4582449417185611
0.6004044376832028 0.3560528296722097 0.5844124522281177 0.3734346130158078
0.6004044376832028 0.38073404959054724 0.5818522503803198 0.4285225484157942
0.6784163852918259 0.3357056502201236 0.6505881043375014 0.3988229658523233
0.34011724982375424 0.16350737927416228 0.32620310934659197 0.18061543374620773
0.3614522652220697 0.07301717648668993 0.34568290601461915 0.09354684185314446
0.7571333160179585 0.326444490065923 0.7413639568105079 0.3446930815027715
0.7150012986531112 0.4081753689637081 0.6923305257689881 0.4321266452245717
0.8560350265296278 0.1266224138324323 0.8067047604912619 0.14658181071648532
0.8865904790174761 0.20465795296425557 0.870598493562391 0.22473140354478888
0.9396868390783273 0.1888272998927895 0.9212645170865645 0.20935696525924405
0.7640532818819339 0.9327083190766213 0.7482839226744833 0.9509569105134698
0.5406292901933137 0.6832044526563106 0.5192942747949983 0.7037341180227651
0.8708767763719343 0.8096671913136705 0.8557010871581759 0.828326376057848
0.5192942747949983 0.7261570747507927 0.48061296426848726 0.7466867401172472
0.9091128344031761 0.8000182485914369 0.8939371451894178 0.8186774333356144
0.4769025268079107 0.7261570747507927 0.4375718897257987 0.7466867401172472
0.3400430410745427 0.022833550035356646 0.32063745315572706 0.042222678437008145
0.5623353493376869 0.6283446246492849 0.5456383807650922 0.6522959009101486
0.5623353493376869 0.512420447546705 0.5456383807650922 0.539907388398458
0.5623353493376869 0.543328999292867 0.5456383807650922 0.5672802755537307
0.31946866535564544 0.43408836880403295 0.3019554005417239 0.45867834576518624
0.23199510222255204 0.4001916102100869 0.2157619383325294 0.41661534250325055
0.24457348521390673 0.524852300463058 0.227876516641312 0.5696069709619289
0.26540759155504434 0.42019662857273204 0.24770880486809393 0.43849084148817263
0.6837408630477533 0.13891740231300898 0.66904753070387 0.15905928511143047
0.9585358613780565 0.2389653048655307 0.9417461318689474 0.2596090239284655
0.9999814478126972 0.21341727685394285 0.9795925939668287 0.2584684869636625
0.5118177433119365 0.4219530554985287 0.4941931653741976 0.4442391477907799
0.7495269192237765 0.34617577955701545 0.7251307929204853 0.3632838340290609
0.7043337909539534 0.3087661671114761 0.6802159474602055 0.324163416136317
0.7615858409706504 0.34617577955701545 0.7504545285889206 0.3610027600994548
0.7589328781863381 0.16745363717238076 0.7357426440577344 0.1816647277538265
0.7589328781863381 0.1817787814503068 0.7357426440577344 0.1959670612924565
0.5939482765017996 0.1668377472113871 0.5781418129197432 0.20116790985195832
0.6666357463544952 0.17822030612012135 0.6434455122258914 0.19240858596227103
0.6666357463544952 0.1638951618421953 0.6434455122258914 0.17810625242364106
0.22145745983451448 0.680353110244303 0.2050573262587659 0.7025023381007779
0.9390189603354235 0.11996167795798261 0.9215242477088049 0.14049134332443713
0.3191718303587993 0.8183124615068774 0.3024748617862046 0.8398229886630626
0.3889280546176394 0.8191792696001278 0.37427182664836184 0.8382718583909304
0.49949909094282213 0.8191792696001278 0.48484286297354456 0.8382718583909304
0.4717450187377092 0.8191792696001278 0.4570887907684316 0.8382718583909304
0.908667581907907 0.7423070781724036 0.8931394011353939 0.7603275622162914
0.908667581907907 0.7102123679828464 0.8931394011353939 0.7282328520267342
0.908667581907907 0.5674627614680992 0.8931394011353939 0.585483245511987
0.908667581907907 0.5353680512785419 0.8931394011353939 0.5533885353224298
0.9109309487588587 0.4188279842149684 0.8931394011353939 0.4396313784529757
0.9109309487588587 0.273728871552727 0.8931394011353939 0.29530783092680035
0.7919928759600757 0.13494833367549441 0.7773366479907982 0.15404092246629714
0.6200140996623502 0.20901480416980314 0.6053578716930726 0.22810739296060586
0.8185410559905013 0.33093820570724697 0.7897851656710326 0.3417961176121718
0.8766836109977366 0.2942129154405894 0.8588920633742718 0.3150163096785967
0.8878891321286779 0.3135792331029449 0.8709695373084486 0.33545473208786697
0.8878891321286779 0.3808481032870275 0.8709695373084486 0.40272360227194964
0.8626952617713628 0.40121809347840964 0.8489295387926237 0.41718561098565204
0.8757374494452896 0.4226601884167066 0.8602092686727765 0.44068067246059445
0.853790211865979 0.4725472752571911 0.8376498089124708 0.510184995095691
