0.28152541318457996 0.30184835352076156 0.261680111150281 0.33722265436900395
0.1874416772079713 0.3386672593251102 0.16765858615183626 0.38141274956476645
0.20674781743151607 0.30184835352076156 0.18843705285859444 0.33722265436900395
0.8230305041162931 0.3386672593251102 0.803247413060158 0.3918953957847168
0.8016091906351741 0.30184835352076156 0.7817638886008751 0.33722265436900395
0.4847479418534724 0.17905693225173167 0.46390726416855027 0.2143941919472534
0.4837525662028493 0.28925436159573287 0.46390726416855027 0.32462866244397526
0.7253800053916181 0.30184835352076156 0.7055347033573192 0.33722265436900395
0.7767870103477593 0.3918953957847168 0.7591190925491985 0.42723265548023853
0.7234099910830931 0.39304367151905767 0.7035646890487941 0.42841797236730006
0.7765381664351035 0.5341704633848205 0.7397300043547684 0.6102900322258029
0.6703855006946893 0.565914731266437 0.635733985857371 0.6286624439752565
0.9360885884329054 0.2753268881727599 0.9163054973767705 0.30744156758158314
0.07374074611699812 0.2753268881727599 0.05395765506086307 0.30744156758158314
0.4484789415838915 0.30184835352076156 0.4286336395495925 0.33722265436900395
0.19270887335918546 0.43308515761010485 0.154760176679178 0.46771863540393377
0.2514360367459511 0.36078082749935175 0.23159073471165212 0.3961180871948735
0.21205648756817286 0.43308515761010485 0.19119507289052942 0.46771863540393377
0.3139373328079962 0.43308515761010485 0.29313812910851667 0.46771863540393377
0.3532339340148892 0.36078082749935175 0.33363747589324594 0.3961180871948735
0.2743918876884474 0.36078082749935175 0.2544636376832632 0.3961180871948735
0.5223648466499389 0.39304367151905767 0.5003214233871804 0.42841797236730006
0.41865914605063975 0.39304367151905767 0.3966157227878813 0.42841797236730006
0.753105364660017 0.36078082749935175 0.7347738630943741 0.3961180871948735
0.5595462745992577 0.30184835352076156 0.5397009725649586 0.33722265436900395
