0.14905196121001593 0.7194722650231125 0.1254305977710233 0.6779179506933743
0.4358662613981763 0.7191833590138674 0.4122738457084962 0.6772919876733436
0.5588941959762629 0.7191833590138674 0.5353017802865827 0.6772919876733436
0.17614705456650745 0.7227465331278891 0.15212042263713996 0.6864888289676425
0.20749746707193514 0.7159090909090908 0.18598928933275438 0.6780142526964561
0.08727746417716023 0.7580893682588598 0.06368504848748009 0.7161979969183359
0.08727746417716023 0.810477657935285 0.06368504848748009 0.7685862865947611
0.05155594152554639 0.7981991525423728 0.018902880301056593 0.7703197226502312
0.28655377044434793 0.9164098613251156 0.26180344478216816 0.8790446841294299
0.1804892169633811 0.8177966101694916 0.15573889130120133 0.7804314329738058
0.7082645824287161 0.8292083975346687 0.6835142567665364 0.791843220338983
0.6719641047908526 0.774653312788906 0.6454769141699233 0.7294876733436055
0.8204660587639311 0.7601598613251156 0.796873643074251 0.7182684899845917
0.08727746417716023 0.5615851309707243 0.06368504848748009 0.5196456086286595
0.08727746417716023 0.5091486902927581 0.06368504848748009 0.4672573189522342
0.05155594152554639 0.5074634052388289 0.018902880301056593 0.4795358243451464
0.6716167317991026 0.5476694915254237 0.6451584889274858 0.5042854391371341
0.8204660587639311 0.5579256548536209 0.796873643074251 0.5159861325115562
0.251063829787234 0.6579834360554699 0.22631350412505427 0.6206182588597843
0.39979736575481256 0.6569722650231125 0.3750470400926328 0.619558936825886
0.1491966999565784 0.6008281972265024 0.12560428426689824 0.5589368258859784
0.20749746707193514 0.6005392912172574 0.18598928933275438 0.5626926040061633
0.4358662613981763 0.6027060862865947 0.4122738457084962 0.5607665639445301
0.5957157331017513 0.6576945300462249 0.5709654074395716 0.6203293528505394
0.8524243740049211 0.6562981510015409 0.8276740483427414 0.6189329738058551
0.7689680127370097 0.6591872110939907 0.7441887393255174 0.6218220338983051
0.5588941959762629 0.6027060862865947 0.5353017802865827 0.5607665639445301
0.1491966999565784 0.5091486902927581 0.12560428426689824 0.4672573189522342
0.7321464756115212 0.488251155624037 0.7090172239108409 0.4513674884437596
0.3852945433492546 0.4872399845916795 0.3638732088580113 0.4516082434514638
0.1036908380373426 0.6579834360554699 0.07894051237516284 0.6206182588597843
