0.457384251436296 0.20498715065852874 0.4272051368705644 0.2415274654673948
0.32899628252788105 0.16864760681015098 0.30314295370057454 0.19936556376485706
0.2958431902669821 0.20848056537102475 0.26975329503210543 0.23911821394153548
0.7039202433254478 0.5953260520398329 0.66471781007097 0.6380902666238355
0.03903345724907063 0.7327336973980083 0.003109158499493072 0.7735303565692259
0.7070969922271038 0.737311275297141 0.6808719161879013 0.7676276903308705
0.41933085501858736 0.4409331834243495 0.39635011828320377 0.49265178284612915
0.5326799594457587 0.05408769675554128 0.49787090233186887 0.07605203983295857
0.29895234876647514 0.2799550273048506 0.2693477526191281 0.31091390941214264
0.28398107468739436 0.05384677160295535 0.2491382223724231 0.07577096048827497
0.41889151740452857 0.15603919049148732 0.3932071645826293 0.1868374558303887
0.33203785062521124 0.39154352714423385 0.30324433930381883 0.4256745904272406
0.2216965190942886 0.49835367812399617 0.19658668469077392 0.5284693221972374
0.32615748563703956 0.5388692579505301 0.3002027712064887 0.5697076774815291
0.2868198715782359 0.5616366848699004 0.25795876985468064 0.5957275939608095
0.31436296045961476 0.6042001284934148 0.2859749915511997 0.6384918085448121
0.6717134166948293 0.6172903951172503 0.6433592429874958 0.6508191455187922
0.6373774923960798 0.6104641824606489 0.6102061507265968 0.6430693864439447
0.6351808043257857 0.576694506906521 0.6102737411287598 0.6068904593639576
0.5460628590740115 0.5592675875361388 0.5095978371071308 0.6199405717956955
0.4106116931395742 0.7210889816896884 0.3789117945251774 0.7744539029874719
0.2680973301791146 0.7764616125923547 0.23007772896248732 0.8003533568904594
0.18462318350794188 0.7337375522004497 0.15606623859411964 0.7674670735624799
0.3772220344711051 0.6176919370382268 0.3480567759378168 0.6517025377449406
0.5102399459276783 0.6199405717956955 0.48185197701926324 0.6540716350787023
0.8361946603582291 0.8546016704143913 0.802264278472457 0.8949164792804368
0.38168300101385605 0.5688644394474783 0.3533288273065225 0.6027947317699968
0.3931057789793849 0.25907484741407005 0.365934437309902 0.2897928043687761
0.4530584656978709 0.6085367812399615 0.42426495437647854 0.6425473819466753
