0.6047706422018349 0.9747602221100454 0.543045871559633 0.889954568399798
0.935045871559633 0.8475517415446744 0.88 0.7718324078748107
0.6128440366972477 0.5862695608278647 0.5577981651376147 0.510550227158001
0.7038532110091743 0.7556789500252398 0.6488073394495413 0.679959616355376
0.6488073394495413 0.9591115598182736 0.5937614678899082 0.88339222614841
0.8686238532110092 0.8667339727410399 0.8135779816513762 0.7910146390711762
0.2943119266055046 0.5862695608278647 0.23926605504587156 0.510550227158001
0.2943119266055046 0.7669863705199395 0.23926605504587156 0.6912670368500757
0.22311926605504587 0.676627965673902 0.16807339449541284 0.6009086320040384
0.47192660550458715 0.7740535083291267 0.41174311926605506 0.6912670368500757
