0.25370443811515303 0.9360789612831208 0.22378050978836933 0.8600552258974208
0.21213541478891013 0.8619352564479172 0.1781014529329055 0.8114681863580283
0.11785701409669394 0.8173432818283297 0.09153837833940225 0.7685212384701251
0.18076936943432959 0.9504141942306562 0.12470706997872877 0.9001821279595793
0.4750333489562678 0.831267258092944 0.418971049500667 0.7810351918218671
0.5597937772650251 0.9134010927677575 0.5289685257958683 0.7869102872921685
0.21487543714172405 0.8202220786087774 0.1831128096044994 0.7685212384701251
0.37833940224249196 0.8664003290053464 0.34751415077333525 0.8220433582045709
0.46739012870894475 1.0 0.41763709124995496 0.9565830444744727
0.1464469841727656 0.5058457199929498 0.12524786386415257 0.4713001586275777
0.5213613584742401 0.5259972974560836 0.4981072214010167 0.48634040303154924
0.9241085914121931 0.578520650960578 0.8818185095720518 0.5110745549615181
