0.1716448369262736 0.5085198111270786 0.1571184742681162 0.48605123292045893
0.15671032614745278 0.3605237345742376 0.1384549738414159 0.3426857364447182
0.15806463582056324 0.455188302652889 0.14355682534970873 0.43271972444626927
0.0788467960372528 0.3899952097447478 0.06574895180141739 0.37062889208239236
0.1242625505547104 0.34514929628869273 0.10917962227746651 0.33333333333333337
0.09060888278728062 0.3580829854695591 0.07554450669733961 0.3462670225141997
0.15181254869949168 0.5101165628778028 0.13873325665095915 0.4907502452154474
0.13437349263478163 0.44152466981454874 0.12129420058624912 0.4221811628914893
0.08083188007866128 0.46200871370241114 0.06775258803012875 0.4426423960400556
0.09934696300693852 0.5301443919797441 0.08624911877110311 0.5108008850566848
0.1120366591221105 0.6114646775702001 0.0989388148862751 0.5920983599078447
0.1359504285555267 0.7054221127306737 0.12285258431969129 0.6860557950683182
0.36117398241252646 0.18082073039987223 0.3267225705910727 0.1583065307146605
0.7365218359244555 0.7839366773877141 0.7209936551519424 0.7471201441638724
0.2797855367147787 0.237186067200438 0.2553894104114875 0.21505965008325922
0.23676301435939298 0.2962658819772349 0.21438907647211605 0.2630762563014667
0.7365218359244555 0.7362850429982436 0.7209936551519424 0.7182645589543557
0.3045527067641275 0.37174661830789935 0.28785573819153276 0.34893587901183876
0.6677488775926682 0.7839366773877141 0.652220696820155 0.7546933096101645
0.6677488775926682 0.7048746549875682 0.652220696820155 0.6868541709436803
0.32774294089273126 0.3167955473436894 0.3064079254944158 0.2962658819772349
0.7411784349374791 0.25427131093318733 0.7251678972950911 0.23552088323182552
0.7411784349374791 0.2846780264148361 0.7251678972950911 0.263532471087388
0.7141850024117844 0.16480759141403778 0.6900671589180364 0.15004904308948652
0.7141850024117844 0.1499121786537102 0.6900671589180364 0.13515363032915895
0.785759341026307 0.2100640981774219 0.7697488033839189 0.173931887132462
0.7678935846536307 0.11405369648030295 0.7273570553968313 0.0722644220899199
0.5418908389299099 0.20557038253609794 0.5272346109606323 0.18647779374529527
0.43144966791584727 0.2749834622140104 0.4138250899781084 0.2533132598827528
0.785759341026307 0.37049202764661604 0.7688211940187748 0.3491183649262073
0.3663314904827279 0.2738429252492073 0.32774294089273126 0.2533132598827528
0.40872323846981556 0.2738429252492073 0.37004192794330454 0.2533132598827528
0.7608808578531409 0.5864641073017176 0.7441838892805461 0.5670749789000662
0.7816222032577641 0.6234175049613357 0.7630700159548811 0.5693560528296722
0.785610923527884 0.11416775017678327 0.7707691736855775 0.09477862177513174
0.8064079254944158 0.11729282146034348 0.7924937850172535 0.09904423002349505
0.8195614262921599 0.16366705444923468 0.795443582798412 0.14890850612468354
0.8195614262921599 0.1487716416889071 0.795443582798412 0.13401309336435596
0.7349077956291047 0.6222769679965328 0.7191384364216541 0.6040283765596843
0.9095395347111425 0.16480759141403778 0.8951615895514081 0.13287255639955287
0.849671626284739 0.6522730901708524 0.8376498089124708 0.6384725928967359
0.9600571407368929 0.8661465818107165 0.9427665021706059 0.8423549807249253
0.9098920262698972 0.8611054084262871 0.8956068420466773 0.8423549807249253
0.5284590553226225 0.6405711809119734 0.5129308745501094 0.6225506968680855
0.49261622945345257 0.6405711809119734 0.47708804868093946 0.6225506968680855
0.4322659641571741 0.6423504185770661 0.41760973618789654 0.6232806405255594
0.39020815554153837 0.6657998585734164 0.37467997476902526 0.6477793745295285
0.6144669956587882 0.4526106891124342 0.5989388148862751 0.4345902050685463
0.6144669956587882 0.2943725906156619 0.596415717413083 0.27356919637765464
0.6352454454380171 0.4791852003923447 0.6196987124782012 0.45667100070713296
0.6386961522763533 0.546317206140651 0.6182887462431821 0.5326307625630147
0.6004044376832028 0.5669153037249937 0.5846350784757522 0.5417550582814389
0.6004044376832028 0.6439471703277904 0.5844124522281177 0.6265653869841922
0.6004044376832028 0.6192659504094528 0.5818522503803198 0.5714774515842058
0.6784163852918259 0.6642943497798763 0.6505881043375014 0.6011770341476768
0.34011724982375424 0.8364926207258377 0.32620310934659197 0.8193845662537923
0.3614522652220697 0.9269828235133101 0.34568290601461915 0.9064531581468556
0.7571333160179585 0.673555509934077 0.7413639568105079 0.6553069184972284
0.7150012986531112 0.5918246310362919 0.6923305257689881 0.5678733547754282
0.8560350265296278 0.8733775861675677 0.8067047604912619 0.8534181892835146
0.8865904790174761 0.7953420470357444 0.870598493562391 0.7752685964552111
0.9396868390783273 0.8111727001072104 0.9212645170865645 0.7906430347407559
0.7640532818819339 0.06729168092337867 0.7482839226744833 0.049043089486530245
0.5406292901933137 0.3167955473436894 0.5192942747949983 0.2962658819772349
0.8708767763719343 0.1903328086863295 0.8557010871581759 0.17167362394215202
0.5192942747949983 0.2738429252492073 0.48061296426848726 0.2533132598827528
0.9091128344031761 0.1999817514085631 0.8939371451894178 0.18132256666438562
0.4769025268079107 0.2738429252492073 0.4375718897257987 0.2533132598827528
0.3400430410745427 0.9771664499646433 0.32063745315572706 0.9577773215629919
0.5623353493376869 0.37165537535071513 0.5456383807650922 0.34770409908985145
0.5623353493376869 0.487579552453295 0.5456383807650922 0.460092611601542
0.5623353493376869 0.45667100070713296 0.5456383807650922 0.43271972444626927
0.31946866535564544 0.5659116311959671 0.3019554005417239 0.5413216542348138
0.23199510222255204 0.5998083897899131 0.2157619383325294 0.5833846574967494
0.24457348521390673 0.475147699536942 0.227876516641312 0.4303930290380711
0.26540759155504434 0.5798033714272679 0.24770880486809393 0.5615091585118274
0.6837408630477533 0.861082597686991 0.66904753070387 0.8409407148885695
0.9585358613780565 0.7610346951344693 0.9417461318689474 0.7403909760715345
0.9999814478126972 0.7865827231460572 0.9795925939668287 0.7415315130363376
0.5118177433119365 0.5780469445014713 0.4941931653741976 0.5557608522092201
0.7495269192237765 0.6538242204429845 0.7251307929204853 0.636716165970939
0.7043337909539534 0.6912338328885239 0.6802159474602055 0.6758365838636831
0.7615858409706504 0.6538242204429845 0.7504545285889206 0.6389972399005452
0.7589328781863381 0.8325463628276193 0.7357426440577344 0.8183352722461735
0.7589328781863381 0.8182212185496932 0.7357426440577344 0.8040329387075436
0.5939482765017996 0.8331622527886129 0.5781418129197432 0.7988320901480417
0.6666357463544952 0.8217796938798787 0.6434455122258914 0.8075914140377289
0.6666357463544952 0.8361048381578047 0.6434455122258914 0.8218937475763589
0.22145745983451448 0.319646889755697 0.2050573262587659 0.2974976618992221
0.9390189603354235 0.8800383220420174 0.9215242477088049 0.8595086566755629
0.3191718303587993 0.18168753849312258 0.3024748617862046 0.1601770113369374
0.3889280546176394 0.18082073039987223 0.37427182664836184 0.16172814160906956
0.49949909094282213 0.18082073039987223 0.48484286297354456 0.16172814160906956
0.4717450187377092 0.18082073039987223 0.4570887907684316 0.16172814160906956
0.908667581907907 0.2576929218275964 0.8931394011353939 0.23967243778370861
0.908667581907907 0.28978763201715363 0.8931394011353939 0.27176714797326584
0.908667581907907 0.43253723853190085 0.8931394011353939 0.41451675448801295
0.908667581907907 0.4646319487214581 0.8931394011353939 0.4466114646775702
0.9109309487588587 0.5811720157850315 0.8931394011353939 0.5603686215470243
0.9109309487588587 0.7262711284472729 0.8931394011353939 0.7046921690731996
0.7919928759600757 0.8650516663245056 0.7773366479907982 0.8459590775337029
0.6200140996623502 0.7909851958301969 0.6053578716930726 0.7718926070393941
0.8185410559905013 0.669061794292753 0.7897851656710326 0.6582038823878282
0.8766836109977366 0.7057870845594105 0.8588920633742718 0.6849836903214033
0.8878891321286779 0.6864207668970551 0.8709695373084486 0.6645452679121331
0.8878891321286779 0.6191518967129725 0.8709695373084486 0.5972763977280504
0.8626952617713628 0.5987819065215904 0.8489295387926237 0.582814389014348
0.8757374494452896 0.5773398115832934 0.8602092686727765 0.5593193275394055
0.853790211865979 0.5274527247428089 0.8376498089124708 0.48981500490430896
