0.249914412872304 0.09958294322921102 0.2305146639278786 0.08468805855817518
0.0641561109209175 0.8363605413226658 0.04546388223211229 0.8224189292705762
0.3828597512267488 0.1668227083156013 0.36288942143101677 0.15235339177802365
0.21682072349651946 0.11830794110137033 0.19627981284948076 0.10298748829687632
0.2636311765377154 0.199216954634437 0.21221043021796188 0.16084773172184863
0.4791509756932557 0.824546769937867 0.4582677165354331 0.8089879989786365
0.17685724067100309 0.824546769937867 0.15597398151318043 0.8089879989786365
0.20358324774620565 0.7777342752574687 0.18269998858838296 0.7621755042982381
0.3920575145498117 0.7460379606775045 0.3724295332648636 0.7313984168865435
0.3261440146068698 0.20597497659375263 0.30788542736505764 0.19150566005617498
0.4763208946707749 0.7569154821686952 0.45507246376811594 0.7410843476040514
0.15576857240671002 0.20427270405992004 0.1374871619308456 0.18980338752234238
0.24934383202099739 0.2906630351519278 0.22994408307657194 0.275768150480892
0.2852904256533151 0.11830794110137033 0.2647495150062764 0.10298748829687632
0.2476320894670775 0.137884075240446 0.22823234052265207 0.12341475870286833
0.1209631404770056 0.15916248191335436 0.10156339153258016 0.1446931653757767
0.2179618851991327 0.252787471274151 0.19970329795732056 0.2391692910034896
0.2818669405454753 0.252787471274151 0.26246719160104987 0.23831815473657336
0.2838982083761269 0.8016001361818027 0.26468104530411957 0.7872670014469316
0.41933127924226865 0.801770363435186 0.4002054091064704 0.7875053196016683
0.21278101106926853 0.7548897778534344 0.19543535318954697 0.7418673929696145
0.28410361748259727 0.8926376712911737 0.26477233824032864 0.878219422929611
0.35193426908592945 0.9163843731381394 0.33246605043934724 0.9018639884245467
0.4197192742211571 0.8929611030726019 0.4002967020426795 0.8784747638096859
0.3933356156567386 0.8651119244190995 0.3739586899463654 0.8506596306068601
0.39294762067785005 0.7726785258319857 0.3738902202442086 0.7584645501744829
0.30925482140819355 0.7726274576559707 0.2901974209745521 0.7584134819984679
