0.42940342541859844 0.948131443298969 0.4274876432047205 0.944104381443299
0.4474117782290509 0.948131443298969 0.445495996015173 0.944104381443299
0.4790988160465918 0.8909471649484536 0.475267251618836 0.8828930412371134
0.4790988160465918 0.9328286082474226 0.475267251618836 0.9247744845360825
0.4591746810222614 0.9328286082474226 0.45534311659450555 0.9247744845360825
0.4591746810222614 0.8909471649484536 0.45534311659450555 0.8828930412371134
0.44323537300279703 0.8254671391752577 0.4410513812789762 0.8127416237113402
0.4432736886470746 0.8302996134020618 0.44128127514464155 0.8253865979381443
0.4277558527146634 0.8302996134020618 0.42576343921223037 0.817896262886598
0.4279091152917736 0.8179768041237113 0.4257251235679528 0.8126610824742269
