0.6047706422018349 0.02523977788995457 0.543045871559633 0.11004543160020192
0.935045871559633 0.15244825845532559 0.88 0.2281675921251893
0.6128440366972477 0.4137304391721353 0.5577981651376147 0.489449772841999
0.7038532110091743 0.24432104997476023 0.6488073394495413 0.32004038364462395
0.6488073394495413 0.0408884401817264 0.5937614678899082 0.1166077738515901
0.8686238532110092 0.1332660272589601 0.8135779816513762 0.20898536092882383
0.2943119266055046 0.4137304391721353 0.23926605504587156 0.489449772841999
0.2943119266055046 0.23301362948006057 0.23926605504587156 0.30873296314992427
0.22311926605504587 0.32337203432609796 0.16807339449541284 0.3990913679959616
0.47192660550458715 0.2259464916708733 0.41174311926605506 0.30873296314992427
