0.9999032020568848 0.31842818428184283 0.3964573268921095 0.2897018970189702 0.36231884057971014
0.9998824596405029 0.2924119241192412 0.7896940418679549 0.27100271002710025 0.7613526570048309
0.9995924830436707 0.8292682926829268 0.14396135265700483 0.8040650406504065 0.11400966183574879
0.999496579170227 0.41300813008130083 0.2821256038647343 0.37777777777777777 0.2531400966183575
0.9994803071022034 0.2981029810298103 0.722061191626409 0.2696476964769648 0.688244766505636
0.9994590878486633 0.46151761517615175 0.7938808373590982 0.4279132791327913 0.762962962962963
0.9994584918022156 0.416260162601626 0.4280193236714976 0.3780487804878049 0.40225442834138486
0.9993525147438049 0.42276422764227645 0.7439613526570048 0.3853658536585366 0.7133655394524959
0.9991747736930847 0.6317073170731707 0.392914653784219 0.6075880758807588 0.35942028985507246
0.9986066222190857 0.4195121951219512 0.5578099838969404 0.3943089430894309 0.4985507246376812
0.998531699180603 0.22655826558265582 0.5004830917874397 0.194579945799458 0.4711755233494364
0.9984203577041626 0.5089430894308943 0.3813204508856683 0.4823848238482385 0.35136876006441226
0.9970700740814209 0.42737127371273714 0.3813204508856683 0.3886178861788618 0.3597423510466989
0.9962332844734192 0.03766937669376694 0.2557165861513688 0.0013550135501355014 0.2318840579710145
0.9954444169998169 0.3322493224932249 0.6051529790660225 0.3021680216802168 0.5758454106280193
0.9934297204017639 0.3265582655826558 0.8296296296296296 0.3002710027100271 0.7987117552334944
0.9907205104827881 0.659620596205962 0.4573268921095008 0.6476964769647696 0.4463768115942029
0.983086347579956 0.6940379403794038 0.4537842190016103 0.6810298102981029 0.43671497584541064
0.9640254378318787 0.18590785907859078 0.25925925925925924 0.15284552845528454 0.23703703703703705
0.9562469124794006 0.6490514905149052 0.2528180354267311 0.6403794037940379 0.23639291465378423
0.9506645798683167 0.2840108401084011 0.2222222222222222 0.2707317073170732 0.2038647342995169
0.9443599581718445 0.413550135501355 0.8489533011272141 0.3926829268292683 0.8161030595813205
0.943719208240509 0.7013550135501355 0.2541062801932367 0.6777777777777778 0.23510466988727857
0.9354422092437744 0.22791327913279133 0.21996779388083737 0.21680216802168023 0.20161030595813204
0.8741878867149353 0.3013550135501355 0.9423510466988728 0.2845528455284553 0.9265700483091788
0.8372114896774292 0.2517615176151762 0.9429951690821256 0.22601626016260162 0.9265700483091788
0.811095118522644 0.5495934959349593 0.9410628019323671 0.5317073170731708 0.9198067632850242
0.8085282444953918 0.4764227642276423 0.25507246376811593 0.45772357723577234 0.23156199677938807
0.7922117114067078 0.7010840108401084 0.16843800322061192 0.6563685636856369 0.11851851851851852
0.7856606245040894 0.6504065040650406 0.3500805152979066 0.640650406504065 0.3188405797101449
0.7780322432518005 0.26910569105691057 0.22286634460547505 0.22384823848238483 0.2038647342995169
0.7303985357284546 0.33739837398373984 0.7404186795491143 0.3252032520325203 0.7162640901771337
0.689163863658905 0.4953929539295393 0.9439613526570049 0.47588075880758807 0.923671497584541
0.6613435745239258 0.6493224932249323 0.44508856682769726 0.6395663956639567 0.43349436392914653
0.6478989124298096 0.34444444444444444 0.7713365539452496 0.33279132791327914 0.7632850241545893
0.6390251517295837 0.36476964769647696 0.37326892109500803 0.348780487804878 0.3545893719806763
0.6000983715057373 0.3796747967479675 0.221256038647343 0.35555555555555557 0.20225442834138485
0.5936795473098755 0.6826558265582656 0.4260869565217391 0.6718157181571816 0.4148148148148148
0.5815595388412476 0.24715447154471545 0.6434782608695652 0.23008130081300812 0.6363929146537842
0.5756979584693909 0.6281842818428184 0.42028985507246375 0.613279132791328 0.40901771336553944
0.5713143348693848 0.6043360433604336 0.40837359098228665 0.592140921409214 0.3961352657004831
0.5603780746459961 0.6951219512195121 0.41610305958132043 0.6791327913279133 0.407085346215781
0.5490573048591614 0.5420054200542005 0.44380032206119163 0.5200542005420055 0.4106280193236715
