0.9999622106552124 0.3681058934762055 0.856687898089172 0.32839583989914906 0.8184713375796179
0.9999600648880005 0.4175858808698393 0.9087048832271762 0.3885912385754806 0.8828733191790517
0.9999566078186035 0.5707532303813426 0.42392073602264685 0.5420737472423574 0.3991507430997877
0.999815046787262 0.7018594390167034 0.4497523000707714 0.675701229120706 0.42462845010615713
0.9996902942657471 0.5559407500787897 0.9079971691436659 0.5219035612984557 0.8683651804670913
0.9996129870414734 0.18342262842735582 0.9610757254069356 0.1411913016073117 0.93241330502477
0.9996070265769958 0.3781909864481563 0.4186128803963199 0.33532934131736525 0.3857041755130927
0.9995530247688293 0.4336589977938859 0.6709129511677282 0.39773085408131104 0.6362349610757254
0.999538779258728 0.4651749133312323 0.8609341825902336 0.4339741569492594 0.821656050955414
0.9992550015449524 0.3573904821935077 0.46638358103326255 0.31736526946107785 0.4317055909412597
0.9988418221473694 0.3239836117239206 0.6479122434536447 0.28710999054522535 0.6185421089879689
0.9987181425094604 0.6706586826347305 0.4140127388535032 0.6344153797667822 0.3857041755130927
0.9836646914482117 0.623384809328711 0.7342533616418967 0.6025843050740624 0.7154989384288747
0.9805476665496826 0.28900094547746613 0.4607218683651805 0.2590608257169871 0.427105449398443
0.9648213386535645 0.5159155373463599 0.9447983014861996 0.5045698077529153 0.9278131634819533
0.9047111868858337 0.4415379766782225 0.5329087048832272 0.4235739048219351 0.5088464260438783
0.8907723426818848 0.3775606681374094 0.5276008492569002 0.3693665300976993 0.5130927105449399
0.6799274682998657 0.22912070595650805 0.18577494692144372 0.21525370312007563 0.16843595187544233
0.6357427835464478 0.7689883391112512 0.44904458598726116 0.757327450362433 0.42285916489738146
