0.999975323677063 0.7226537216828479 0.6018572257690076 0.7084142394822006 0.5699361578641904
0.9999747276306152 0.8249190938511327 0.6500290191526408 0.8038834951456311 0.6227510156703424
0.9998995065689087 0.7786407766990291 0.4190365641323273 0.7595469255663431 0.3929193267556587
0.9998960494995117 0.44919093851132685 0.6993615786419036 0.4300970873786408 0.6680208937899014
0.9998884201049805 0.5566343042071198 0.6923969820081254 0.5381877022653722 0.665699361578642
0.9998841285705566 0.28122977346278316 0.6964596633778294 0.26245954692556633 0.6639582124201974
0.9998799562454224 0.18511326860841423 0.6500290191526408 0.1673139158576052 0.620429483459083
0.9997612833976746 0.41877022653721685 0.604178757980267 0.39805825242718446 0.5774811375507836
0.9996159076690674 0.7242718446601941 0.6918165989553106 0.7077669902912621 0.6662797446314568
0.9995386600494385 0.20906148867313915 0.6958792803250146 0.19385113268608414 0.669762042948346
0.999254047870636 0.7514563106796116 0.6384213580963436 0.7349514563106796 0.6099825885084156
0.9991986155509949 0.4809061488673139 0.706326175275682 0.4656957928802589 0.6767266395821242
0.9990039467811584 0.7996763754045307 0.7028438769587928 0.7802588996763754 0.6627974463145676
0.9987504482269287 0.16893203883495145 0.5612304120719674 0.15501618122977345 0.5362739408009286
0.9976063966751099 0.6498381877022654 0.5287289611143354 0.6375404530744336 0.5031921067904818
0.9967678785324097 0.3485436893203884 0.6378409750435288 0.33689320388349514 0.6117237376668602
0.9967572093009949 0.31585760517799355 0.5583284968078932 0.2928802588996764 0.5333720255368544
0.9966776371002197 0.7566343042071197 0.4596633778293674 0.7391585760517799 0.4376088218224028
0.9961852431297302 0.21197411003236247 0.5600696459663378 0.1912621359223301 0.5356935577481138
0.9949727058410645 0.5187702265372168 0.6012768427161926 0.49967637540453075 0.5769007544979686
0.9905809760093689 0.6511326860841424 0.4323853743470691 0.6330097087378641 0.4097504352872896
0.9895080327987671 0.272168284789644 0.6343586767266396 0.258252427184466 0.6134648868253048
0.9875972867012024 0.7006472491909385 0.5298897272199652 0.6896440129449838 0.5095763203714452
0.9803009629249573 0.6676375404530744 0.5293093441671504 0.6527508090614886 0.5113174695298898
0.9772486686706543 0.25275080906148867 0.6395821242019734 0.23689320388349513 0.6117237376668602
0.9765127897262573 0.48446601941747575 0.8212420197330238 0.4669902912621359 0.7904817179338364
0.9726855158805847 0.7741100323624596 0.5861868833430064 0.7627831715210356 0.555426581543819
0.9699090719223022 0.7203883495145631 0.5229251305861868 0.7077669902912621 0.5066744051073708
0.9693379402160645 0.07346278317152104 0.730702263493906 0.059223300970873784 0.6952988972721996
0.9685559868812561 0.6669902912621359 0.4265815438189205 0.6546925566343043 0.4109112013929193
0.904041588306427 0.683495145631068 0.5310504933255948 0.66957928802589 0.51015670342426
0.8041688203811646 0.5174757281553398 0.9895531050493326 0.4754045307443366 0.9355774811375508
0.7905560731887817 0.24919093851132687 0.9785258270458502 0.19223300970873786 0.9442832269297736
0.743408739566803 0.9333333333333333 0.7283807312826466 0.9155339805825242 0.69413813116657
0.6810970902442932 0.7754045307443366 0.9854904236796286 0.7427184466019418 0.9460243760882182
0.6791848540306091 0.7029126213592233 0.5519442832269298 0.6889967637540453 0.5293093441671504
0.5842033624649048 0.2407766990291262 0.7788740568775392 0.23171521035598705 0.751015670342426
