0.9998375177383423 0.16862390846130684 0.5872193436960277 0.1514604034929238 0.5572826712723086
0.999697208404541 0.310448660042156 0.7179044329303397 0.28063836193917496 0.6729994242947611
0.9971557855606079 0.22131887985546522 0.7317213586643638 0.20776874435411022 0.7040875071963155
0.9969956874847412 0.9337548931044866 0.9038572251007484 0.9120746763023185 0.8543465745538285
0.9965104460716248 0.4278831677205661 0.7150259067357513 0.3908461306835291 0.6666666666666666
0.9950280785560608 0.6097560975609756 0.7098445595854922 0.578440228846733 0.669545192861255
0.993613064289093 0.8476362541403192 0.66090961427749 0.8280638361939175 0.6188831318364997
0.9925875067710876 0.9165913881361036 0.7265400115141047 0.8876844323998796 0.671272308578008
0.9875385761260986 0.7934357121348992 0.7265400115141047 0.7798855766335441 0.7023603914795624
0.9823166728019714 0.19301415236374586 0.6315486470926885 0.18157181571815717 0.6154289004029937
0.9821473360061646 0.10629328515507377 0.7052389176741508 0.09093646492020475 0.6753022452504318
0.9774007201194763 0.19662752183077387 0.7035118019573978 0.18127070159590486 0.6804835924006909
0.9706529378890991 0.19361638060825054 0.5797351755900979 0.18157181571815717 0.5590097869890616
0.9459149241447449 0.2041553748870822 0.7823834196891192 0.18247515808491419 0.7357512953367875
0.9449577331542969 0.8256549232158988 0.7904432930339667 0.7946401686239085 0.7351755900978699
0.8830344080924988 0.8196326407708522 0.6994818652849741 0.8039747064137308 0.6804835924006909
0.7843905091285706 0.1415236374585968 0.5722510074841681 0.12646793134598014 0.5561312607944733
0.7564038634300232 0.09454983438723276 0.8952216465169833 0.06142728093947606 0.8572251007484168
0.7112739086151123 0.7190605239385727 0.7121473805411629 0.68774465522433 0.6799078871617732
0.5872521996498108 0.1665161096055405 0.644789867587795 0.1529659741041855 0.6246401842256765
