0.9999926090240479 0.746779767514923 0.6696600384862091 0.7335846685516808 0.6414368184733804
0.9999922513961792 0.6163996229971724 0.5689544579858884 0.6022620169651273 0.5426555484284797
0.999984860420227 0.4470625196355639 0.6696600384862091 0.4319824065347157 0.63758819756254
0.9999822378158569 0.7163053722902922 0.5708787684413086 0.7043669494187873 0.5458627325208467
0.9999704360961914 0.5466540999057493 0.6715843489416292 0.5340873389883758 0.6427196921103271
0.9999691247940063 0.6478165252906063 0.6645285439384221 0.6308513980521521 0.6395125080179602
0.9999527931213379 0.4162739553879987 0.49839640795381657 0.4046497015394282 0.46889031430404104
0.9999513626098633 0.3663210807414389 0.5112251443232841 0.34055922086082313 0.4759461193072482
0.9999011754989624 0.3308199811498586 0.5593329057087877 0.3160540370719447 0.5272610647851187
0.9998924732208252 0.9858623939679547 0.5958948043617703 0.9707822808671065 0.5554842847979474
0.9998756647109985 0.16148287778825007 0.6856959589480436 0.1454602576185988 0.654265554842848
0.999875545501709 0.8388312912346843 0.5728030788967287 0.8259503612943764 0.5432969852469531
0.9998735189437866 0.8451146716933711 0.6690186016677357 0.8316054037071945 0.640795381654907
0.99982750415802 0.37134778510838834 0.5965362411802437 0.3590951932139491 0.5567671584348942
0.9997186064720154 0.19038642789820923 0.5561257216164208 0.1746779767514923 0.5317511225144324
0.9996461868286133 0.6770342444234998 0.6048749198203976 0.6562990889098335 0.5811417575368826
0.9996150732040405 0.39742381401193844 0.5279025016035921 0.3826578699340245 0.4996792815907633
0.9994804263114929 0.21332076657241597 0.6440025657472739 0.1950989632422243 0.5805003207184093
0.9994142055511475 0.0568645931511153 0.6157793457344451 0.0373861137291863 0.581783194355356
0.9992626309394836 0.2730128809299403 0.686337395766517 0.255105246622683 0.6504169339320077
0.998993456363678 0.5177505497957902 0.5721616420782553 0.5026704366949418 0.5445798588838999
0.998231828212738 0.3056864593151115 0.6850545221295702 0.2874646559849199 0.6484926234765875
0.9761019945144653 0.819038642789821 0.5753688261706222 0.8030160226201697 0.5471456061577935
0.8646251559257507 0.39899465912661014 0.41629249518922384 0.3861137291863022 0.39384220654265556
0.8450162410736084 0.943449575871819 0.5131494547787043 0.9286836317939051 0.49454778704297625
0.5445831418037415 0.3867420672321709 0.6529826812059012 0.3770028275212064 0.6196279666452854
0.5387611389160156 0.391454602576186 0.48620910840282233 0.37668865849827204 0.45862732520846694
