0.9968340992927551 0.9341441708691783 0.842020202020202 0.8878671017502224 0.7818181818181819
0.9945703148841858 0.21388312073568674 0.665050505050505 0.17027588252743994 0.5931313131313132
0.9879679679870605 0.60990803915752 0.5781818181818181 0.5618510827647583 0.5062626262626263
0.9856035709381104 0.7015722337585286 0.7103030303030303 0.6561851082764758 0.6844444444444444
0.9799150824546814 0.2913082171462474 0.8727272727272727 0.2818154850192821 0.8573737373737373
0.9763229489326477 0.4678137051320083 0.7644444444444445 0.42717294571343817 0.6913131313131313
0.9743273854255676 0.6024918421833284 0.45212121212121215 0.5932957579353307 0.4387878787878788
0.9723367691040039 0.2939780480569564 0.5741414141414142 0.25155740136458027 0.5086868686868686
0.9666534662246704 0.8513794126371996 0.9402020202020202 0.8353604271729457 0.9220202020202021
0.9561792016029358 0.28685849896173243 0.7523232323232323 0.24028478196380895 0.6957575757575758
0.9292077422142029 0.1148027291604865 0.8335353535353536 0.0934440818748146 0.8222222222222222
0.8971540331840515 0.846633046573717 0.898989898989899 0.8306140611094631 0.8824242424242424
0.8825323581695557 0.15870661524770097 0.4028282828282828 0.14862058736280034 0.3842424242424242
0.8514842987060547 0.3476713141501038 0.8355555555555556 0.3334322159596559 0.823030303030303
0.8441757559776306 0.7362800355977455 0.7256565656565657 0.7250074161969742 0.7123232323232324
0.8404103517532349 0.8668051023435183 0.8573737373737373 0.835953722930881 0.7822222222222223
0.8167069554328918 0.09997033521210323 0.7907070707070707 0.08840106793236428 0.7757575757575758
0.7734070420265198 0.47345001483239396 0.8727272727272727 0.46306733906852565 0.8602020202020202
0.7661769390106201 0.15040047463660636 0.36282828282828283 0.13823791159893206 0.3511111111111111
0.7359501123428345 0.4336991990507268 0.8375757575757575 0.4233165232868585 0.8181818181818182
0.7335030436515808 0.2818154850192821 0.8375757575757575 0.27113616137644614 0.823030303030303
0.7302083373069763 0.765944823494512 0.9321212121212121 0.755265499851676 0.9151515151515152
0.7167910933494568 0.5609611391278553 0.6795959595959596 0.5455354494215366 0.6646464646464646
0.7116162776947021 0.6437258973598339 0.9579797979797979 0.5959655888460398 0.9046464646464647
0.6427416205406189 0.5796499555028182 0.36646464646464644 0.5680806882230792 0.3478787878787879
0.6160444021224976 0.775734203500445 0.8981818181818182 0.765944823494512 0.8804040404040404
0.5496871471405029 0.12696529219816077 0.7531313131313131 0.10649658854939187 0.7402020202020202
0.5343661904335022 0.6440225452388015 0.36282828282828283 0.6306733906852566 0.3503030303030303
0.5230290293693542 0.8279442301987541 0.9325252525252525 0.8157816671610798 0.9228282828282828
0.5066894888877869 0.5781667161079799 0.7301010101010101 0.5571047167012756 0.7046464646464646
