0.9999438524246216 0.4218289085545723 0.07401315789473684 0.3827433628318584 0.06044407894736842
0.9999167919158936 0.4085545722713864 0.8178453947368421 0.3775811209439528 0.7985197368421053
0.9998776912689209 0.3023598820058997 0.13527960526315788 0.2676991150442478 0.11677631578947369
0.9998657703399658 0.29867256637168144 0.3926809210526316 0.2676991150442478 0.375
0.9998633861541748 0.35766961651917406 0.0756578947368421 0.31710914454277284 0.05921052631578947
0.9998626708984375 0.3030973451327434 0.20148026315789475 0.26843657817109146 0.18379934210526316
0.9998482465744019 0.4107669616519174 0.5596217105263158 0.3753687315634218 0.537828947368421
0.9996955394744873 0.41224188790560473 0.2972861842105263 0.37315634218289084 0.2800164473684211
0.9996942281723022 0.30383480825958703 0.26480263157894735 0.2640117994100295 0.24876644736842105
0.9996789693832397 0.41519174041297935 0.6208881578947368 0.3694690265486726 0.6023848684210527
0.9995449185371399 0.3030973451327434 0.7820723684210527 0.2669616519174041 0.7619243421052632
0.9994603991508484 0.415929203539823 0.3597861842105263 0.3687315634218289 0.34087171052631576
0.999207079410553 0.41224188790560473 0.6899671052631579 0.3746312684365782 0.6677631578947368
0.9991990923881531 0.30457227138643067 0.8186677631578947 0.2669616519174041 0.8001644736842105
0.999082088470459 0.41150442477876104 0.234375 0.37610619469026546 0.21422697368421054
0.998865008354187 0.4078171091445428 0.7504111842105263 0.3753687315634218 0.7335526315789473
0.9977978467941284 0.3030973451327434 0.5242598684210527 0.26253687315634217 0.5061677631578947
0.9964608550071716 0.41224188790560473 0.16611842105263158 0.3724188790560472 0.14679276315789475
0.9947689771652222 0.30383480825958703 0.3277138157894737 0.25958702064896755 0.3092105263157895
0.9934822916984558 0.30383480825958703 0.5879934210526315 0.26474926253687314 0.5694901315789473
0.9908493757247925 0.4144542772861357 0.4975328947368421 0.3702064896755162 0.4798519736842105
0.99043208360672 0.4078171091445428 0.4276315789473684 0.37094395280235987 0.40912828947368424
0.990019679069519 0.2971976401179941 0.6537828947368421 0.26548672566371684 0.634046052631579
0.9632033109664917 0.3222713864306785 0.6883223684210527 0.29646017699115046 0.6735197368421053
0.9587918519973755 0.29646017699115046 0.4543585526315789 0.2669616519174041 0.44037828947368424
0.8903392553329468 0.27949852507374634 0.7146381578947368 0.23525073746312683 0.6998355263157895
0.7267577052116394 0.3148967551622419 0.9000822368421053 0.2949852507374631 0.8844572368421053
0.5945766568183899 0.8561946902654868 0.05304276315789474 0.8325958702064897 0.03782894736842105
