0.997342050075531 0.45977011494252873 0.47422258592471356 0.446421950315165 0.45294599018003273
0.9955559372901917 0.6507230255839822 0.5531914893617021 0.6158694846125324 0.4971358428805237
0.9928907155990601 0.5850945494994438 0.703355155482815 0.5602521319985169 0.6575286415711947
0.9898265600204468 0.23915461624026696 0.5601472995090017 0.20170559881349648 0.5057283142389526
0.9879074692726135 0.25324434556915093 0.38707037643207853 0.19540229885057472 0.3265139116202946
0.983620285987854 0.5739710789766407 0.8895253682487725 0.5239154616240267 0.82569558101473
0.9826120138168335 0.7652947719688543 0.7319967266775778 0.7460140897293289 0.720949263502455
0.9750781655311584 0.6496106785317018 0.7913256955810147 0.6080830552465702 0.7377250409165302
0.9701617956161499 0.8086763070077865 0.049099836333878884 0.7923618835743419 0.033960720130932896
0.9648666977882385 0.3444568038561365 0.7217675941080196 0.3303670745272525 0.7086743044189853
0.9644728899002075 0.7541713014460512 0.33878887070376434 0.7415647015202076 0.31955810147299507
0.9478724598884583 0.44456803856136445 0.38870703764320785 0.43196143863552094 0.36661211129296234
0.9454655647277832 0.24731182795698925 0.21563011456628478 0.1931776047460141 0.1534369885433715
0.9301379323005676 0.24842417500926955 0.7884615384615384 0.1942899517982944 0.7295417348608838
0.9145167469978333 0.17167222840192806 0.7397708674304418 0.16166110493140526 0.7262684124386252
0.8830288648605347 0.7337782721542454 0.7021276595744681 0.7085650723025584 0.6833060556464812
0.8760867118835449 0.46162402669632924 0.2328150572831424 0.4267704857248795 0.1665302782324059
0.8623668551445007 0.7519466073414905 0.5499181669394435 0.7415647015202076 0.5257774140752864
0.8583423495292664 0.5016685205784205 0.3698854337152209 0.474972191323693 0.352291325695581
0.8569453358650208 0.457174638487208 0.5695581014729951 0.44382647385984425 0.5560556464811784
0.813506007194519 0.32146829810901 0.8776595744680851 0.27400815721171673 0.8191489361702128
0.7673549652099609 0.41935483870967744 0.22995090016366612 0.38338895068594736 0.176759410801964
0.7618610262870789 0.42862439747868003 0.7459083469721768 0.41379310344827586 0.7324058919803601
0.7522712349891663 0.6937337782721542 0.5716039279869067 0.6789024842417501 0.5564648117839607
0.7514878511428833 0.467927326659251 0.7659574468085106 0.44901742677048573 0.7287234042553191
0.7347555756568909 0.3166481275491287 0.7491816693944353 0.29810901001112344 0.7307692307692307
0.7321981191635132 0.7556544308490916 0.20212765957446807 0.7423062662217278 0.1890343698854337
0.7113660573959351 0.7263626251390434 0.7369067103109657 0.7137560252131998 0.7242225859247136
0.6845255494117737 0.175009269558769 0.7062193126022913 0.16129032258064516 0.6878068739770867
0.6784139275550842 0.44271412680756395 0.5261865793780688 0.43196143863552094 0.5135024549918167
0.6546655893325806 0.6614757137560252 0.22340425531914893 0.6099369670003708 0.16571194762684124
0.6510931849479675 0.3889506859473489 0.49754500818330605 0.378568780126066 0.48240589198036005
0.6434949636459351 0.5513533555802744 0.5085924713584288 0.5391175380051909 0.4918166939443535
0.6414323449134827 0.710789766407119 0.660392798690671 0.696329254727475 0.650163666121113
0.6162313222885132 0.6903967371153134 0.16489361702127658 0.6792732665925102 0.1530278232405892
0.5814340710639954 0.29662588060808304 0.7868248772504092 0.28661475713756024 0.7614566284779051
0.5699967741966248 0.6911383018168336 0.6583469721767594 0.6781609195402298 0.6468903436988543
0.5606010556221008 0.44160177975528364 0.5671031096563012 0.43270300333704115 0.5544189852700491
0.5600752830505371 0.649981460882462 0.3760229132569558 0.6025213199851687 0.3351063829787234
0.5540550947189331 0.5487578791249537 0.45499181669394434 0.5368928439006303 0.4439443535188216
