0.9999790191650391 0.5260723296888141 0.5710272873194222 0.5067283431455004 0.5565810593900482
0.9999154806137085 0.5273338940285954 0.44341894060995185 0.5071488645920942 0.42776886035313
0.9999052286148071 0.45836837678721615 0.5100321027287319 0.4381833473507149 0.49398073836276085
0.9998646974563599 0.16021867115222876 0.5104333868378812 0.14129520605550883 0.49719101123595505
0.9998219609260559 0.2283431455004205 0.5084269662921348 0.21152228763666947 0.4959871589085072
0.9997386336326599 0.6543313708999159 0.6019261637239165 0.6337258200168209 0.5846709470304976
0.9996335506439209 0.5950378469301935 0.5120385232744783 0.5803195962994113 0.492776886035313
0.9992210865020752 0.36248948696383515 0.5108346709470305 0.34650967199327165 0.49879614767255215
0.9990975856781006 0.5033641715727503 0.6585072231139647 0.48822539949537425 0.6388443017656501
0.9989017248153687 0.3288477712363331 0.41131621187800965 0.3107653490328007 0.39807383627608345
0.9988411068916321 0.4978973927670311 0.07865168539325842 0.4785534062237174 0.0593900481540931
0.9988260865211487 0.701009251471825 0.46990369181380415 0.6766190075693861 0.45425361155698235
0.9986880421638489 0.2447434819175778 0.615569823434992 0.23254835996635828 0.6023274478330658
0.9979674220085144 0.4726661059714045 0.9225521669341894 0.4579478553406224 0.9036918138041734
0.9972530007362366 0.0407905803195963 0.34069020866773675 0.013877207737594618 0.3234349919743178
0.9964543581008911 0.554667788057191 0.42937399678972715 0.5374264087468461 0.4169341894060995
0.9947814345359802 0.4726661059714045 0.10313001605136436 0.4554247266610597 0.0826645264847512
0.9936516284942627 0.5912531539108494 0.44301765650080255 0.575273338940286 0.4313804173354735
0.9898953437805176 0.5908326324642557 0.4101123595505618 0.5790580319596299 0.3960674157303371
0.9897704124450684 0.4987384356602187 0.9406099518459069 0.4772918418839361 0.9281701444622793
0.9869441986083984 0.2956265769554247 0.6645264847512039 0.27207737594617326 0.6440609951845907
0.9847413897514343 0.29310344827586204 0.44903691813804175 0.2729184188393608 0.4390048154093098
0.981162428855896 0.18713204373423045 0.5329052969502408 0.16989066442388562 0.5156500802568218
0.9749163389205933 0.4074852817493692 0.4747191011235955 0.3915054667788057 0.4602728731942215
0.9736394882202148 0.5239697224558453 0.9217495987158909 0.5054667788057191 0.9073033707865169
0.9736301898956299 0.28931875525651807 0.36797752808988765 0.27249789739276703 0.3579454253611557
0.9698778390884399 0.5492010092514719 0.6569020866773676 0.5344827586206896 0.6348314606741573
0.958759069442749 0.5508830950378469 0.3346709470304976 0.535744322960471 0.32102728731942215
0.9562805891036987 0.5214465937762826 0.21548956661316213 0.5046257359125316 0.19863563402889245
0.9418545961380005 0.38057190916736755 0.4727126805778491 0.3675357443229605 0.4606741573033708
0.9339060187339783 0.5504625735912532 0.687800963081862 0.535744322960471 0.6729534510433387
0.9317885637283325 0.4579478553406224 0.47351524879614765 0.44070647603027757 0.45947030497592295
0.924082338809967 0.5887300252312868 0.42776886035313 0.5756938603868798 0.413322632423756
0.9129427075386047 0.5176619007569386 0.8045746388443018 0.5042052144659378 0.793338683788122
0.8924752473831177 0.33851976450798993 0.5670144462279294 0.31959629941127 0.5545746388443018
0.8866429924964905 0.5689655172413793 0.42776886035313 0.5542472666105971 0.41452648475120385
0.8726990818977356 0.5088309503784693 0.32102728731942215 0.4760302775441548 0.307784911717496
0.8405309915542603 0.29520605550883094 0.6316211878009631 0.276282590412111 0.6151685393258427
0.8398627638816833 0.3671152228763667 0.5553772070626003 0.3511354079058032 0.5425361155698234
0.8260800242424011 0.4819175777964676 0.5682182985553772 0.4659377628259041 0.5553772070626003
0.8241975903511047 0.4314550042052145 0.47391653290529695 0.41715727502102606 0.4602728731942215
0.7726989388465881 0.5378469301934399 0.37640449438202245 0.5147182506307821 0.3635634028892456
0.7669192552566528 0.4978973927670311 0.713884430176565 0.479394449116905 0.6930176565008026
0.712018609046936 0.5248107653490328 0.09791332263242375 0.5058873002523129 0.08346709470304976
0.6636391282081604 0.2590412111017662 0.4101123595505618 0.24053826745164003 0.3976725521669342
0.5714106559753418 0.22287636669470143 0.4747191011235955 0.19974768713204374 0.4602728731942215
0.541192889213562 0.35912531539108494 0.4763242375601926 0.340201850294365 0.463884430176565
