0.9998286962509155 0.7103510895883777 0.6913294797687861 0.6915859564164649 0.6658959537572254
0.9997367262840271 0.612590799031477 0.7086705202312139 0.5777845036319612 0.6606936416184971
0.9996540546417236 0.3069007263922518 0.7132947976878613 0.2778450363196126 0.669364161849711
0.9995138645172119 0.16555690072639226 0.5722543352601156 0.15012106537530268 0.545664739884393
0.9987444877624512 0.4149515738498789 0.6936416184971098 0.3976997578692494 0.669364161849711
0.9982455968856812 0.21882566585956417 0.7248554913294798 0.20702179176755447 0.7040462427745665
0.9958433508872986 0.09019370460048426 0.8942196531791907 0.06416464891041163 0.8595375722543352
0.9940028786659241 0.8220338983050848 0.6953757225433526 0.8096246973365617 0.6780346820809249
0.9936068058013916 0.10865617433414043 0.7046242774566474 0.08444309927360774 0.6635838150289017
0.9931600093841553 0.6016949152542372 0.5965317919075145 0.5802058111380145 0.5606936416184971
0.9914332628250122 0.914043583535109 0.7144508670520231 0.8955811138014528 0.6936416184971098
0.9828613996505737 0.1410411622276029 0.5653179190751445 0.12227602905569007 0.5508670520231214
0.978691577911377 0.8241525423728814 0.7838150289017342 0.7984261501210653 0.7294797687861272
0.9782790541648865 0.19309927360774817 0.6260115606936416 0.18038740920096852 0.608092485549133
0.9414529204368591 0.20429782082324455 0.7734104046242775 0.17372881355932204 0.7277456647398844
0.9370619058609009 0.9367433414043583 0.8878612716763006 0.9143462469733656 0.8416184971098266
0.9065744876861572 0.19188861985472155 0.5745664739884393 0.18220338983050846 0.5491329479768786
0.8869087100028992 0.8792372881355932 0.5855491329479768 0.8641041162227603 0.5427745664739885
0.8580746650695801 0.7917675544794189 0.7179190751445087 0.7808716707021792 0.6942196531791908
0.7232798933982849 0.8565375302663438 0.6595375722543353 0.8317191283292978 0.6167630057803468
0.7197153568267822 0.16858353510895885 0.6421965317919075 0.15587167070217917 0.6132947976878613
0.6659353375434875 0.2639225181598063 0.8595375722543352 0.2536319612590799 0.8398843930635839
0.6364760398864746 0.7733050847457628 0.7947976878612717 0.7312348668280871 0.7323699421965318
0.6118980050086975 0.14527845036319612 0.6861271676300578 0.1343825665859564 0.6699421965317919
