0.9987441301345825 0.8892242680350135 0.7657657657657657 0.8587383036522789 0.7297297297297297
0.9980645775794983 0.7941442801086629 0.6706081081081081 0.7796559009960761 0.652027027027027
0.9968363046646118 0.6121340175067914 0.6576576576576577 0.5804406881980079 0.625
0.9951496720314026 0.1116812556595231 0.6582207207207207 0.07847872019317839 0.6244369369369369
0.994866132736206 0.9305765167521883 0.8378378378378378 0.9097494717778448 0.8023648648648649
0.9888484477996826 0.6897072140054331 0.713963963963964 0.6688801690310896 0.6931306306306306
0.9887499809265137 0.8213099909447631 0.6480855855855856 0.8050105644431029 0.6244369369369369
0.9851716756820679 0.7693932991246605 0.8614864864864865 0.727135526712949 0.8220720720720721
0.9835171103477478 0.7204950196196801 0.6762387387387387 0.6866888016903109 0.6114864864864865
0.9774986505508423 0.9197102324177483 0.6711711711711712 0.8868095381829157 0.6154279279279279
0.9739832282066345 0.14669483851494114 0.6036036036036037 0.1168125565952309 0.5731981981981982
0.9514687657356262 0.8499849079384244 0.588963963963964 0.8382130999094476 0.5619369369369369
0.9511717557907104 0.2583760941744642 0.9836711711711712 0.23241774826441292 0.9453828828828829
0.9044085144996643 0.33504376697856925 0.670045045045045 0.29037126471476005 0.6317567567567568
0.8885998129844666 0.26863869604587987 0.8721846846846847 0.2272864473287051 0.831081081081081
0.8680171370506287 0.8780561424690613 0.527027027027027 0.8647751282825233 0.5005630630630631
0.8589822053909302 0.45125264111077573 0.670045045045045 0.43766978569272563 0.6463963963963963
0.8518249988555908 0.8834892846362813 0.5945945945945946 0.8677935405976457 0.5765765765765766
0.7538003921508789 0.2064594023543616 0.7263513513513513 0.17748264412918804 0.6796171171171171
0.7414779663085938 0.8243284032598853 0.7353603603603603 0.7986718985813462 0.6835585585585585
0.6699790954589844 0.2619981889526109 0.7336711711711712 0.24147298520977967 0.6959459459459459
