0.9999880790710449 0.4747152619589977 0.7515442690459849 0.4519362186788155 0.7398764584763212
0.9999629259109497 0.3876993166287016 0.8634179821551132 0.3740318906605923 0.8514070006863418
0.9999420642852783 0.39362186788154896 0.7704186684969114 0.3703872437357631 0.7577213452299245
0.9999232292175293 0.4191343963553531 0.8002745367192862 0.39726651480637815 0.787920384351407
0.9999231100082397 0.28382687927107064 0.7985586822237474 0.2619589977220957 0.7872340425531915
0.9998420476913452 0.28382687927107064 0.8888126286890872 0.2642369020501139 0.8781743308167468
0.999768078327179 0.4783599088838269 0.8236101578586136 0.45239179954441916 0.8105696636925189
0.9997579455375671 0.17676537585421412 0.8212079615648593 0.15444191343963554 0.8102264927934111
0.9996209144592285 0.35444191343963555 0.9142072752230611 0.3275626423690205 0.9032258064516129
0.9995286464691162 0.41594533029612757 0.8888126286890872 0.3977220956719818 0.8771448181194235
0.9991872906684875 0.20182232346241458 0.7776252573781743 0.18314350797266515 0.7621825669183253
0.9975886344909668 0.24920273348519362 0.2882635552505148 0.22779043280182232 0.2762525737817433
0.9969037175178528 0.24738041002277905 0.09711736444749486 0.23097949886104785 0.08476321207961565
0.9967963099479675 0.38223234624145785 0.16403568977350722 0.3626423690205011 0.15099519560741248
0.9957342743873596 0.3097949886104784 0.7704186684969114 0.2883826879271071 0.7577213452299245
0.9917008280754089 0.38724373576309795 0.7467398764584763 0.3681093394077449 0.7347288949897048
0.9872620701789856 0.15353075170842825 0.1997254632807138 0.13302961275626424 0.1904598490048044
0.9641745686531067 0.4255125284738041 0.8644474948524365 0.40637813211845103 0.8462594371997255
0.954166829586029 0.2091116173120729 0.7539464653397392 0.19362186788154898 0.7422786547700755
0.9303396344184875 0.11799544419134396 0.15820178448867536 0.1029612756264237 0.14687714481811942
0.9283460378646851 0.2469248291571754 0.13658201784488674 0.22824601366742597 0.12594371997254633
0.909758448600769 0.303872437357631 0.757035003431709 0.2783599088838269 0.7419354838709677
0.907968282699585 0.2824601366742597 0.11667810569663692 0.2642369020501139 0.10260809883321895
0.8285006284713745 0.2164009111617312 0.11805078929306795 0.1958997722095672 0.10123541523678792
0.8186886310577393 0.4674259681093394 0.8671928620452986 0.44555808656036444 0.8452299245024022
0.6170467734336853 0.13439635535307518 0.821551132463967 0.11343963553530752 0.8119423472889499
0.5276156663894653 0.2911161731207289 0.16918325326012354 0.26514806378132116 0.15305422100205904
0.5160834789276123 0.8988610478359909 0.053877831159917636 0.8788154897494306 0.041866849691146193
