0.9999641180038452 0.12359208523592086 0.47047340165934604 0.10136986301369863 0.4397266959492435
0.9999426603317261 0.217351598173516 0.8125915080527086 0.184779299847793 0.7681795998047828
0.9996912479400635 0.9263318112633181 0.575402635431918 0.8928462709284627 0.513909224011713
0.99895179271698 0.4974124809741248 0.5339189848706686 0.4730593607305936 0.4904831625183016
0.9821305871009827 0.9156773211567732 0.7125427037579307 0.8937595129375951 0.6593460224499756
0.9745994210243225 0.2496194824961948 0.8853099072718399 0.2350076103500761 0.8638360175695461
0.9611365795135498 0.4550989345509893 0.8233284529038556 0.4237442922374429 0.7837969741337237
0.9255498051643372 0.5564687975646879 0.8892142508540751 0.5345509893455099 0.8340653977550024
0.9115749597549438 0.4624048706240487 0.9853587115666179 0.4167427701674277 0.95900439238653
0.8853931427001953 0.1796042617960426 0.9297218155197657 0.13729071537290716 0.8994631527574427
0.8325046896934509 0.21035007610350076 0.8408979990239142 0.1863013698630137 0.8184480234260615
0.8321134448051453 0.3643835616438356 0.8628599316739873 0.35494672754946727 0.8389458272327965
0.785540759563446 0.05722983257229833 0.7506100536847242 0.014611872146118721 0.7159590043923866
