0.9999024868011475 0.4370820668693009 0.28711256117455136 0.417629179331307 0.2606035889070147
0.9998588562011719 0.4106382978723404 0.283442088091354 0.386322188449848 0.26305057096247964
0.9998571872711182 0.4987841945288754 0.2495921696574225 0.478419452887538 0.22960848287112562
0.9996838569641113 0.13434650455927052 0.6419249592169658 0.09604863221884498 0.5893148450244698
0.9993113279342651 0.921580547112462 0.636215334420881 0.8869300911854103 0.5860522022838499
0.9959393739700317 0.19270516717325228 0.6904567699836868 0.16534954407294833 0.6435562805872757
0.9952132701873779 0.30364741641337384 0.6435562805872757 0.26869300911854105 0.5946166394779772
0.9950050711631775 0.4218844984802432 0.48164763458401305 0.39088145896656534 0.44412724306688417
0.9945577383041382 0.496048632218845 0.4836867862969005 0.46504559270516715 0.4396411092985318
0.9936351776123047 0.6185410334346505 0.6431484502446982 0.5826747720364741 0.585236541598695
0.9875996112823486 0.4197568389057751 0.5285481239804242 0.39483282674772036 0.5073409461663948
0.984501302242279 0.5285714285714286 0.814437194127243 0.48632218844984804 0.7732463295269169
0.9827840328216553 0.5537993920972645 0.6468189233278956 0.5243161094224924 0.6011419249592169
0.9782809019088745 0.364741641337386 0.6349918433931484 0.33617021276595743 0.5991027732463295
0.9747310876846313 0.543161094224924 0.5811582381729201 0.5151975683890577 0.564437194127243
0.9675762057304382 0.8638297872340426 0.6472267536704731 0.851063829787234 0.6223491027732463
0.8745222687721252 0.38054711246200607 0.7218597063621534 0.364741641337386 0.682300163132137
0.8341870307922363 0.4425531914893617 0.7108482871125612 0.4158054711246201 0.6692495921696574
0.8133267164230347 0.40486322188449847 0.816068515497553 0.34711246200607904 0.7809951060358891
0.7947429418563843 0.3662613981762918 0.5807504078303426 0.3395136778115502 0.5623980424143556
0.5413950085639954 0.43221884498480245 0.23123980424143556 0.42036474164133736 0.21859706362153344
0.5258916020393372 0.4735562310030395 0.3943719412724307 0.46322188449848023 0.3833605220228385
0.5089067220687866 0.4826747720364742 0.7271615008156607 0.43951367781155015 0.6835236541598695
