0.999975323677063 0.31679819616685456 0.7797938144329897 0.2874859075535513 0.7616494845360825
0.9999046325683594 0.23167981961668546 0.13690721649484536 0.20574971815107101 0.11835051546391752
0.9998677968978882 0.3201803833145434 0.5851546391752578 0.2801578354002255 0.5661855670103093
0.9998536109924316 0.23055242390078917 0.7830927835051547 0.20574971815107101 0.7653608247422681
0.9998278617858887 0.23167981961668546 0.20329896907216494 0.20574971815107101 0.18268041237113403
0.999809205532074 0.31510710259301017 0.38804123711340205 0.28635851183765504 0.3698969072164948
0.9997658133506775 0.31228861330326946 0.8189690721649484 0.2829763246899662 0.8032989690721649
0.9995030164718628 0.2733934611048478 0.8515463917525773 0.2395715896279594 0.8325773195876288
0.9994431138038635 0.2322435174746336 0.39298969072164947 0.2012401352874859 0.3748453608247423
0.9989802241325378 0.22604284103720407 0.6482474226804124 0.2023675310033822 0.6309278350515464
0.9984428286552429 0.310597519729425 0.03793814432989691 0.2790304396843292 0.021443298969072166
0.9976156949996948 0.23111612175873733 0.07092783505154639 0.2012401352874859 0.04989690721649485
0.9972540736198425 0.22998872604284104 0.32783505154639175 0.20067643742953778 0.30927835051546393
0.9971835017204285 0.23337091319052988 0.5249484536082474 0.20180383314543404 0.5092783505154639
0.9960689544677734 0.24577226606538896 0.6907216494845361 0.2254791431792559 0.6721649484536083
0.9960505366325378 0.23055242390078917 0.26350515463917523 0.2023675310033822 0.24618556701030928
0.9956066012382507 0.2322435174746336 0.4531958762886598 0.2012401352874859 0.4383505154639175
0.9946775436401367 0.31623449830890643 0.16783505154639175 0.2818489289740699 0.14680412371134022
0.9348384141921997 0.3370913190529876 0.13195876288659794 0.30496054114994364 0.11958762886597939
0.888985276222229 0.17700112739571588 0.6569072164948454 0.14543404735062007 0.643298969072165
0.848618745803833 0.21420518602029312 0.7154639175257732 0.1843291995490417 0.7014432989690722
0.646089494228363 0.1730552423900789 0.5488659793814433 0.15614430665163473 0.5381443298969072
0.6333720684051514 0.1161217587373168 0.6890721649484536 0.07328072153325817 0.6626804123711341
0.5080877542495728 0.4227733934611049 0.1327835051546392 0.3945885005636979 0.11381443298969073
