0.9994087219238281 0.3125553914327917 0.6372021521906226 0.2827178729689808 0.5914681014604151
0.9991287589073181 0.7672082717872969 0.6329746348962336 0.723781388478582 0.5960799385088393
0.9977713823318481 0.3846381093057607 0.6425826287471176 0.35450516986706054 0.6145272867025365
0.9956749081611633 0.5657311669128509 0.6552651806302844 0.5361890694239291 0.6122213681783244
0.9893748760223389 0.6936484490398819 0.691391237509608 0.6638109305760709 0.6421983089930823
0.9778227210044861 0.4567208271787297 0.7186779400461184 0.4254062038404727 0.6829362029208301
0.9765417575836182 0.4685376661742984 0.4923136049192928 0.4378138847858198 0.4523443504996157
0.9366132616996765 0.6274741506646971 0.6360491929285165 0.6085672082717873 0.6149116064565718
0.861114501953125 0.38168389955686854 0.5868562644119908 0.355096011816839 0.5691775557263643
0.8044561147689819 0.552437223042836 0.5822444273635665 0.5302806499261448 0.5695618754803997
0.7448078393936157 0.719645494830133 0.4208301306687164 0.7090103397341211 0.398923904688701
0.6783137321472168 0.4363367799113737 0.6145272867025365 0.42304283604135895 0.6033820138355112
0.6662003397941589 0.18227474150664696 0.4584934665641814 0.168685376661743 0.4477325134511914
0.5097214579582214 0.2014771048744461 0.46041506533435816 0.186410635155096 0.4504227517294389
