0.9999876022338867 0.1518987341772152 0.5047287207565954 0.12718505123568416 0.4718765555002489
0.9999819993972778 0.3857745629897529 0.4888003982080637 0.36196503918022904 0.45744151319064214
0.9999759197235107 0.39722724532851117 0.6605276256844201 0.3746232670283303 0.6231956197112991
0.9999613761901855 0.6726943942133815 0.7740169238427078 0.6473779385171791 0.7302140368342459
0.9999604225158691 0.8218806509945751 0.5594823295171727 0.7944544906570223 0.5176704828272772
0.9999585151672363 0.7365883062085594 0.49079143852663015 0.7067510548523207 0.45993031358885017
0.9998924732208252 0.0867992766726944 0.5087108013937283 0.06720916214587101 0.4713787954206073
0.9998892545700073 0.25406871609403253 0.6595321055251369 0.22784810126582278 0.6286709805873569
0.9998127818107605 0.21187462326702833 0.713290194126431 0.18625678119349007 0.6869089099054256
0.9998064637184143 0.2076552139843279 0.6007964161274266 0.18414707655213985 0.5624688899950224
0.9997796416282654 0.17781796262808922 0.8198108511697362 0.15641952983725135 0.7770034843205574
0.9997751116752625 0.6018685955394816 0.6650074664011946 0.568414707655214 0.6236933797909407
0.999758780002594 0.7091621458710067 0.8267794922847188 0.6796262808921036 0.794425087108014
0.9997236132621765 0.4370102471368294 0.5923344947735192 0.41621458710066306 0.5704330512692882
0.9997201561927795 0.4355033152501507 0.7177700348432056 0.4092827004219409 0.679940268790443
0.9997157454490662 0.820675105485232 0.7585863613738179 0.7956600361663653 0.7167745146839224
0.9996647834777832 0.5569620253164557 0.7217521154803385 0.5370705244122965 0.6774514683922349
0.9995864033699036 0.5548523206751055 0.5923344947735192 0.5349608197709463 0.566948730711797
0.9993464350700378 0.6735985533453888 0.5520159283225485 0.6443640747438216 0.5002488800398208
0.9977542757987976 0.04550934297769741 0.5111996017919362 0.027124773960216998 0.4883026381284221
0.9957017302513123 0.7751657625075347 0.6550522648083623 0.7495479204339964 0.6266799402687905
0.9176607728004456 0.8465943339361061 0.6371329019412643 0.8327305605786618 0.6212045793927327
0.884710967540741 0.34900542495479203 0.39671478347436534 0.3306208559373116 0.3832752613240418
0.8576068878173828 0.08740204942736589 0.5340965654554505 0.07444243520192888 0.519163763066202
0.6907287836074829 0.047619047619047616 0.7949228471876556 0.023809523809523808 0.7740169238427078
0.666325032711029 0.15611814345991562 0.7217521154803385 0.12597950572634117 0.6774514683922349
0.6304999589920044 0.14707655213984328 0.5340965654554505 0.13441832429174203 0.5166749626679941
0.6205711960792542 0.14014466546112117 0.5843703334992534 0.1301989150090416 0.5679442508710801
0.5666831135749817 0.2869198312236287 0.9133897461423593 0.2588908981314045 0.8750622200099551
