0.999993085861206 0.38702928870292885 0.6656859139389482 0.37328153018529586 0.6480323648400147
0.9999910593032837 0.9076509264793784 0.7260022066936374 0.8930065750149432 0.7087164398675984
0.9999903440475464 0.3410041841004184 0.9768297168076499 0.3251643753735804 0.9606472968002943
0.9999889135360718 0.5406455469216975 0.20448694372931225 0.5280932456664674 0.18573004781169547
0.9999865293502808 0.8864315600717274 0.6167708716439868 0.8702928870292888 0.6005884516366311
0.9999853372573853 0.7635983263598326 0.4240529606472968 0.7480573819485954 0.40566384700257446
0.9999842643737793 0.9079497907949791 0.46303788157410813 0.8921099820681411 0.44759102611254137
0.9999765157699585 0.3646144650328751 0.27399779330636265 0.3460848774656306 0.2585509378447959
0.9999722242355347 0.7893006575014944 0.8635527767561604 0.7761506276150628 0.8477381390216991
0.999971866607666 0.6219366407650927 0.7914674512688489 0.6069934249850568 0.7771239426259654
0.9999716281890869 0.9067543335325762 0.26002206693637364 0.8909145248057382 0.2453107760205958
0.9999690055847168 0.4306634787806336 0.27730783376241264 0.41482367005379556 0.2570798087532181
0.9999638795852661 0.9094441123729826 0.5833026848105921 0.891213389121339 0.566752482530342
0.9999634027481079 0.5603705917513448 0.3677822728944465 0.5460251046025104 0.3512320706141964
0.999957799911499 0.49910340705319783 0.18131666053696213 0.4850567842199641 0.1629275468922398
0.9999576807022095 0.8735803945008966 0.5755792570798087 0.860430364614465 0.5608679661640309
0.9999531507492065 0.6846981470412433 0.8606105185730047 0.6718469814704124 0.8433247517469658
0.9999502897262573 0.3888224745965332 0.1780066200809121 0.3738792588164973 0.161456417800662
0.9999439716339111 0.907053197848177 0.4336152997425524 0.8900179318589361 0.42037513791835235
0.9999325275421143 0.6353855349671249 0.4784847370356749 0.6195457262402869 0.4567855829349025
0.999931812286377 0.2232516437537358 0.31849944832659066 0.20651524208009564 0.3001103346818683
0.9999196529388428 0.6688583383144052 0.7043030525928651 0.6512253436939629 0.6903273262228761
0.9999097585678101 0.5260011954572624 0.6417800662008091 0.5113568439928272 0.625965428466348
0.9999065399169922 0.7390914524805738 0.25413755057006254 0.7244471010161386 0.237219566016918
0.9998999834060669 0.385833831440526 0.2721588819418904 0.36969515839808725 0.25597646193453477
0.9998936653137207 0.9967124925283921 0.7653549098933431 0.9787806335923491 0.7410812798823097
0.9998892545700073 0.7851165570830843 0.36189775652813533 0.7692767483562463 0.3299006987863185
0.9998741149902344 0.775851763299462 0.6075763148216256 0.7630005977286312 0.5921294593600589
0.9998723268508911 0.735803945008966 0.7837440235380655 0.7202630005977286 0.7679293858036043
0.999854564666748 0.7845188284518828 0.28834130194924606 0.7698744769874477 0.2714233173961015
0.999815046787262 0.5615660490137477 0.4490621552041192 0.5448296473401076 0.4372931224714969
0.9998086094856262 0.8499701135684399 0.5248253034203751 0.8386132695756127 0.4976094152261861
0.9997897744178772 0.9088463837417813 0.2894446487679294 0.8918111177525403 0.2762044869437293
0.9997850060462952 0.4964136282127914 0.2699521883045237 0.4802749551703527 0.2570798087532181
0.9997511506080627 0.8855349671249253 0.7951452739977933 0.8711894799760909 0.7778595071717543
0.9997373223304749 0.36401673640167365 0.18021331371827878 0.34518828451882844 0.1636631114380287
0.9996864795684814 0.7624028690974297 0.1945568223611622 0.7444710101613867 0.17690327326222877
0.999679684638977 0.5947399880454274 0.5652813534387643 0.5827854154213987 0.5509378447958808
0.9996428489685059 0.9088463837417813 0.8576682603898492 0.8921099820681411 0.8429569694740714
0.9996247291564941 0.6347878063359235 0.5457888929753586 0.6192468619246861 0.5340198602427363
0.999617338180542 0.7570233114166168 0.5866127252666421 0.7426778242677824 0.5689591761677087
0.9996097683906555 0.6622833233711894 0.6616403089371092 0.6515242080095637 0.6351599852887091
0.9995556473731995 0.7564255827854154 0.6715704303052593 0.7450687387925882 0.6557557925707981
0.9995300769805908 0.9067543335325762 0.20044133872747333 0.8924088463837417 0.18462670099301215
0.999453604221344 0.47041243275552896 0.18021331371827878 0.454572624028691 0.16513424052960649
0.9994069337844849 0.2788404064554692 0.23942625965428466 0.2650926479378362 0.2206693637366679
0.9994045495986938 0.6135684399282726 0.45053328429569695 0.5983263598326359 0.4361897756528135
0.9993925094604492 0.47130902570233113 0.2728944464876793 0.45786013150029886 0.2570798087532181
0.9993220567703247 0.5941422594142259 0.8330268481059213 0.5797967722653915 0.8028687017285767
0.999315619468689 0.7833233711894799 0.21221037146009564 0.7701733413030484 0.19271791099668997
0.9992761015892029 0.7139868499701135 0.59139389481427 0.6960549910340705 0.5744759102611254
0.9991453886032104 0.6763299462044232 0.6197131298271423 0.6628810520023909 0.6042662743655756
0.9991077780723572 0.3197848176927675 0.18242000735564545 0.30394500896592946 0.16403089371092314
0.9990153312683105 0.4342498505678422 0.645825671202648 0.41930663478780633 0.625965428466348
0.9989275336265564 0.5101613867304244 0.5752114748069143 0.4952181709503885 0.5586612725266642
0.9988455772399902 0.6132695756126718 0.29312247149687387 0.5941422594142259 0.2769400514895182
0.9986650943756104 0.5597728631201434 0.4884148584038249 0.5457262402869097 0.4685546156675248
0.9982870221138 0.8147041243275552 0.16108863552776756 0.7931858936043037 0.13902169915410076
0.9978481531143188 0.7558278541542139 0.8297168076498713 0.7319187089061566 0.8113276940051489
0.9977009892463684 0.32456664674237895 0.31592497241632955 0.3045427375971309 0.3026848105921295
0.9975384473800659 0.33980872683801555 0.8381757999264435 0.32456664674237895 0.8234645090106657
0.9974175691604614 0.3054393305439331 0.3692534019860243 0.2890017931858936 0.35159985288709084
0.997190535068512 0.785415421398685 0.11143802868701728 0.7704722056186492 0.09819786686281722
0.996715784072876 0.5953377166766288 0.6439867598381758 0.5833831440526002 0.625229863920559
0.9957433342933655 0.803347280334728 0.1147480691430673 0.7922893006575015 0.10408238322912836
0.995589017868042 0.5358637178720861 0.31445384332475174 0.5239091452480574 0.29900698786318497
0.9953391551971436 0.9067543335325762 0.16513424052960649 0.8962940824865511 0.13350496506068407
0.9948029518127441 0.6667662881052002 0.78742184626701 0.6521219366407651 0.7664582567120265
0.9940074682235718 0.6610878661087866 0.8319235012872379 0.6398684997011357 0.8109599117322545
0.9934654831886292 0.8490735206216378 0.6546524457521148 0.8389121338912134 0.6406767193821258
0.9934078454971313 0.8556485355648535 0.8742184626700993 0.8368200836820083 0.8576682603898492
0.993280827999115 0.8673042438732815 0.19051121735932328 0.856246264196055 0.17506436189775654
0.9927303194999695 0.9384339509862523 0.8102243471864656 0.921697549312612 0.7925707980875322
0.991436779499054 0.8756724447101016 0.700993012136815 0.8613269575612672 0.6862817212210371
0.9907717704772949 0.7423789599521817 0.28392791467451267 0.7265391512253437 0.2666421478484737
0.9900712966918945 0.764196054991034 0.06693637366678926 0.7450687387925882 0.0522250827510114
0.9884485602378845 0.8879258816497311 0.6877528503126149 0.8690974297668859 0.6712026480323648
0.988434910774231 0.7432755528989838 0.3059948510481795 0.7232516437537359 0.2887090842221405
0.9819658398628235 0.9584578601315002 0.8657594703935271 0.9414225941422594 0.8499448326590658
0.9738666415214539 0.7014345487148834 0.6899595439499816 0.6811117752540347 0.6792938580360427
0.9671130180358887 0.7346084877465631 0.6193453475542479 0.7166766288105201 0.6061051857300478
0.9668226838111877 0.7402869097429767 0.6723059948510481 0.726240286909743 0.6616403089371092
0.9660025835037231 0.15660490137477584 0.35858771607208534 0.1419605499103407 0.3464509010665686
0.9657089710235596 0.7139868499701135 0.16439867598381758 0.6903765690376569 0.14858403824935637
0.9645256400108337 0.49013747758517634 0.642515630746598 0.47728631201434546 0.6244942993747702
0.962215781211853 0.5992229527794382 0.6274365575579257 0.5812910938433951 0.590658330268481
0.9556641578674316 0.9563658099222953 0.7785950717175432 0.9444112372982666 0.7407134976094152
0.9444098472595215 0.7408846383741782 0.09121000367782273 0.7265391512253437 0.07539536594336153
0.9018869400024414 0.2435744172145846 0.474439132033836 0.2250448296473401 0.45752114748069145
0.8803403377532959 0.3622235505080693 0.9253401986024273 0.34877465630603705 0.9106289076866495
0.8111305236816406 0.764196054991034 0.11107024641412284 0.7492528392109982 0.09783008458992276
0.7867124676704407 0.22952779438135087 0.29238690695108494 0.21578003586371788 0.27877896285399045
0.7862914800643921 0.8003586371787209 0.7524825303420375 0.7910938433950986 0.7443913203383596
0.6688657999038696 0.8589360430364614 0.5939683707245311 0.8451882845188284 0.5851415961750643
0.5743827819824219 0.6069934249850568 0.5961750643618977 0.5977286312014346 0.5836704670834866
0.5581270456314087 0.8359234907352062 0.8760573740345715 0.8218768679019725 0.8539904376609048
