0.7135416666666666 0.479979035639413 0.6964962121212122 0.5554507337526206
0.06463068181818182 0.9208595387840671 0.028882575757575756 1.0
0.7975852272727273 0.479979035639413 0.7805397727272727 0.5554507337526206
0.8783143939393939 0.479979035639413 0.8612689393939394 0.5554507337526206
0.9623579545454546 0.479979035639413 0.9453125 0.5554507337526206
0.056107954545454544 0.59958071278826 0.03740530303030303 0.6823899371069182
0.22088068181818182 0.59958071278826 0.2021780303030303 0.6823899371069182
0.3856534090909091 0.59958071278826 0.36695075757575757 0.6823899371069182
0.7151988636363636 0.59958071278826 0.6964962121212122 0.6823899371069182
0.8799715909090909 0.59958071278826 0.8612689393939394 0.6823899371069182
0.9623579545454546 0.59958071278826 0.943655303030303 0.6823899371069182
0.7975852272727273 0.59958071278826 0.7788825757575758 0.6823899371069182
0.6328125 0.59958071278826 0.6141098484848485 0.6823899371069182
0.4680397727272727 0.59958071278826 0.4493371212121212 0.6823899371069182
0.13849431818181818 0.59958071278826 0.11979166666666667 0.6823899371069182
0.30326704545454547 0.59958071278826 0.2845643939393939 0.6823899371069182
0.9952651515151515 0.7253668763102725 0.9773910984848485 0.8836477987421384
0.054450757575757576 0.479979035639413 0.03740530303030303 0.5554507337526206
0.13849431818181818 0.479979035639413 0.12144886363636363 0.5554507337526206
0.21922348484848486 0.479979035639413 0.2021780303030303 0.5554507337526206
0.30326704545454547 0.479979035639413 0.2862215909090909 0.5554507337526206
0.3839962121212121 0.479979035639413 0.36695075757575757 0.5554507337526206
0.4680397727272727 0.479979035639413 0.4509943181818182 0.5554507337526206
