0.5263496143958869 0.3279512631534103 0.4755784061696658 0.3167326999815391
0.5263496143958869 0.8221360712307758 0.4755784061696658 0.8109175080589046
0.5263496143958869 0.7232991096153027 0.4755784061696658 0.7120805464434314
0.5263496143958869 0.5256251863843565 0.4755784061696658 0.5144066232124853
0.5263496143958869 0.42678822476888345 0.4755784061696658 0.41556966159701214
0.4273778920308483 0.9850182479160454 0.37660668380462725 0.9737996847441741
0.6690231362467867 0.8894474502620031 0.5719794344473008 0.8787259120407844
0.5263496143958869 0.9201209900737017 0.477827763496144 0.8986779136312643
0.672879177377892 1.0 0.5758354755784062 0.9892784617787813
0.6805912596401028 0.9782019057356679 0.6166452442159382 0.949942487112853
0.5109254498714653 0.967565571791704 0.47750642673521854 0.960181201096295
0.4987146529562982 0.16251295815049915 0.44794344473007713 0.15129439497862796
0.49646529562982006 0.1372072878058479 0.45019280205655526 0.12698277453528162
0.4787917737789203 0.12111788011758196 0.44280205655526994 0.11316548090714151
0.1731362467866324 0.20710319658046838 0.1397172236503856 0.1997188258850594
0.12962724935732647 0.20710319658046838 0.09620822622107969 0.1997188258850594
0.15777634961439588 0.2214601172978884 0.11150385604113111 0.21123560402732222
0.15777634961439588 0.26316761101407293 0.11150385604113111 0.25294309774350676
0.16002570694087404 0.2052571039066161 0.10925449871465295 0.1940385407347449
0.16002570694087404 0.16435905082435143 0.10925449871465295 0.15314048765248012
0.42859897172236505 0.13027733992246415 0.38232647814910026 0.12005282665189787
0.2410025706940874 0.18977832687200902 0.19248071979434447 0.16833525042957154
0.6690231362467867 0.28208296056462034 0.5719794344473008 0.27136142234340166
0.5643958868894602 0.1578267229014897 0.5181233933161954 0.14760220963092352
0.6510282776349614 0.12111788011758196 0.6150385604113111 0.11316548090714151
0.5649100257069408 0.12111788011758196 0.5289203084832905 0.11316548090714151
