0.2257479601087942 0.8706916673150237 0.1541251133272892 0.8829845172333307
0.22257479601087943 0.8529370574963043 0.157298277425204 0.8641406675484322
0.1828649138712602 0.868668793277834 0.1357207615593835 0.876760289426593
0.9492293744333635 0.24290049015793977 0.8123300090661831 0.25464872014315726
0.5539437896645513 0.963821675873337 0.5031731640979148 0.9725355948027697
0.9492293744333635 0.0 0.8123300090661831 0.011748229985217459
0.7969174977334542 0.963821675873337 0.7461468721668177 0.9725355948027697
0.6754306436990027 0.963821675873337 0.6246600181323663 0.9725355948027697
0.9184043517679057 0.963821675873337 0.8676337262012692 0.9725355948027697
0.5584768812330009 0.7179646775071967 0.48685403445149594 0.7302575274255038
0.5584768812330009 0.7003812339531627 0.48685403445149594 0.7126740838714697
0.5584768812330009 0.6096631136699603 0.48685403445149594 0.6219559635882673
0.5584768812330009 0.5920796701159262 0.48685403445149594 0.6043725200342333
0.5584768812330009 0.5013615498327239 0.48685403445149594 0.5136543997510309
0.5584768812330009 0.4837781062786898 0.48685403445149594 0.4960709561969968
0.5584768812330009 0.284758422158251 0.48685403445149594 0.297051272076558
0.5584768812330009 0.2671749786042169 0.48685403445149594 0.27946782852252394
0.5584768812330009 0.17645685832101454 0.48685403445149594 0.18874970823932155
0.6391659111514053 0.5542208044814441 0.5738893925657298 0.565424414533572
0.6391659111514053 0.2293161129697347 0.5738893925657298 0.2405197230218626
0.6391659111514053 0.16228117949116938 0.5738893925657298 0.1734847895432973
0.742611060743427 0.3683964833112892 0.6492293744333636 0.38442386991363886
0.7961922030825023 0.9226639695012837 0.7309156844968269 0.9338675795534117
0.7003626473254759 0.9454135221349101 0.6350861287398005 0.956617132187038
0.7035358114233907 0.9156617132187038 0.6319129646418857 0.9279545631370109
0.3399818676337262 0.887652688088384 0.271532184950136 0.911149148058819
0.22257479601087943 0.8072356648253326 0.157298277425204 0.8184392748774605
0.9492293744333635 0.786508986228896 0.8123300090661831 0.7982572162141134
0.742520398912058 0.7362483466894888 0.670897552130553 0.7485411966077958
0.742520398912058 0.6279467828522524 0.670897552130553 0.6402396327705594
0.742520398912058 0.5196452190150159 0.670897552130553 0.531938068933323
0.742520398912058 0.30304209134054305 0.670897552130553 0.3153349412588501
0.742520398912058 0.19474052750330662 0.670897552130553 0.20703337742161362
0.6029011786038078 0.01626079514510231 0.5312783318223028 0.028553645063409322
0.7207615593834995 0.03538473508130398 0.6736174070716229 0.04347623123006302
0.6391659111514053 0.6625223683186805 0.5738893925657298 0.6737259783708084
0.43245693563009974 0.963821675873337 0.38168631006346326 0.9725355948027697
0.25929283771532186 0.9175289815607252 0.1885766092475068 0.9296662257838637
0.742611060743427 0.396405508441609 0.6492293744333636 0.41243289504395864
0.2442429737080689 0.868668793277834 0.1970988213961922 0.876760289426593
