0.3920185156056895 0.5418875927889714 0.3758398310226277 0.4831552328901215
0.6266094420600858 0.5418875927889714 0.610430757477024 0.4831552328901215
0.471788418758286 0.5418875927889714 0.45560973417522416 0.4831552328901215
0.9409702716670786 0.5418875927889714 0.9247915870840168 0.4831552328901215
0.7048064175448846 0.5418875927889714 0.6886277329618228 0.4831552328901215
0.7845763206974811 0.5418875927889714 0.7683976361144192 0.4831552328901215
0.8612003685144821 0.5418875927889714 0.8450216839314204 0.4831552328901215
0.08080354133429207 0.44881311689371073 0.06305192908343257 0.3843706664491394
0.23719749230388962 0.44881311689371073 0.21944588005303015 0.3843706664491394
0.39359144327348716 0.44881311689371073 0.3758398310226277 0.3843706664491394
0.5499853942430848 0.44881311689371073 0.5322337819922253 0.3843706664491394
0.7063793452126823 0.44881311689371073 0.6886277329618228 0.3843706664491394
0.8627732961822798 0.44881311689371073 0.8450216839314204 0.3843706664491394
0.9409702716670786 0.44881311689371073 0.9232186594162192 0.3843706664491394
0.7845763206974811 0.44881311689371073 0.7668247084466215 0.3843706664491394
0.471788418758286 0.44881311689371073 0.45403680650742645 0.3843706664491394
0.15900051681909086 0.44881311689371073 0.14124890456823136 0.3843706664491394
0.5484124665752871 0.5418875927889714 0.5322337819922253 0.4831552328901215
0.3153944677886884 0.44881311689371073 0.29764285553782893 0.3843706664491394
0.9722041210704896 0.35092585039562774 0.955238972653529 0.2277510400522066
0.6281823697278835 0.44881311689371073 0.610430757477024 0.3843706664491394
0.08889288362582298 0.19879272371319034 0.05496258679190167 0.13720531854147977
0.07923061366649439 0.5418875927889714 0.06305192908343257 0.4831552328901215
0.15900051681909086 0.5418875927889714 0.14282183223602904 0.4831552328901215
0.23562456463609194 0.5418875927889714 0.21944588005303015 0.4831552328901215
0.3153944677886884 0.5418875927889714 0.2992157832056266 0.4831552328901215
