0.742520398912058 0.6251175917215428 0.670897552130553 0.6375039197240514
0.43245693563009974 0.963546566321731 0.38168631006346326 0.9723267481969269
0.9184043517679057 0.963546566321731 0.8676337262012692 0.9723267481969269
0.6409791477787852 0.11086547507055504 0.5689936536718042 0.12331451865788648
0.8186763372620127 0.18861712135465664 0.7470534904805077 0.20100344935716524
0.09446962828649139 0.8548134211351521 0.029193109700815956 0.8661022264032612
0.6046237533998187 0.9487300094073378 0.5393472348141433 0.9600188146754468
0.2257479601087942 0.9167764189401066 0.16047144152311876 0.9280652242082157
0.6409791477787852 0.1548134211351521 0.5689936536718042 0.16726246472248354
0.22257479601087943 0.8057698338037003 0.157298277425204 0.8170586390718093
0.6029011786038078 0.008780181875195987 0.5312783318223028 0.02116650987770461
0.2257479601087942 0.8707902163687676 0.16047144152311876 0.8820790216368768
0.7961922030825023 0.9487300094073378 0.7309156844968269 0.9600188146754468
0.9084315503173164 0.005017246785826278 0.771532184950136 0.01685481342113515
0.7207615593834995 0.028049545312010035 0.6736174070716229 0.03620257133897774
0.17969174977334543 0.8866415804327376 0.1325475974614687 0.8947946064597052
0.17969174977334543 0.9040451552210724 0.1325475974614687 0.9121981812480401
0.742520398912058 0.2977422389463782 0.670897552130553 0.3101285669488868
0.6754306436990027 0.963546566321731 0.6246600181323663 0.9723267481969269
0.5539437896645513 0.963546566321731 0.5031731640979148 0.9723267481969269
0.9492293744333635 0.7848855440576984 0.8123300090661831 0.7967231106930072
0.7969174977334542 0.963546566321731 0.7461468721668177 0.9723267481969269
0.7961922030825023 0.9220758858576357 0.7309156844968269 0.9333646911257447
0.7035358114233907 0.9150203825650675 0.6319129646418857 0.9274067105675761
0.3399818676337262 0.8867983693947946 0.26835902085222124 0.8991846973973032
0.742520398912058 0.7342427093132643 0.670897552130553 0.746629037315773
0.742520398912058 0.5159924741298213 0.670897552130553 0.5283788021323299
