0.7051354895104895 0.3769381571912315 0.6894012237762238 0.4410978435216539
0.2785620629370629 0.5012475494564249 0.26136363636363635 0.6420424166815184
0.20257867132867133 0.5012475494564249 0.1854020979020979 0.6420424166815184
0.35467657342657344 0.5012475494564249 0.3375 0.6420424166815184
0.430659965034965 0.5012475494564249 0.41346153846153844 0.6420424166815184
0.5067744755244755 0.5012475494564249 0.4895979020979021 0.6420424166815184
0.1553758741258741 0.611299233648191 0.13887674825174826 0.7458563535911602
0.1265297202797203 0.4990197825699519 0.10926573426573427 0.5694172161824986
0.7349213286713286 0.4990197825699519 0.7176573426573427 0.5694172161824986
0.5827578671328671 0.5012475494564249 0.5655594405594405 0.6420424166815184
0.8870192307692307 0.4990197825699519 0.8697552447552448 0.5694172161824986
0.9630681818181818 0.4990197825699519 0.9458041958041958 0.5694172161824986
0.8109702797202797 0.4990197825699519 0.7937062937062938 0.5694172161824986
0.6588723776223776 0.4990197825699519 0.6416083916083916 0.5694172161824986
0.9912587412587412 0.611299233648191 0.9747596153846154 0.7458563535911602
0.08063811188811189 0.611299233648191 0.06413898601398602 0.7458563535911602
0.13439685314685315 0.7823917305293174 0.10139860139860139 0.849670290500802
0.3248907342657343 0.4197112814115131 0.30915646853146855 0.4838709677419355
