0.7135416666666666 0.520020964360587 0.6964962121212122 0.44454926624737945
0.06463068181818182 0.07914046121593288 0.028882575757575756 0.0
0.7975852272727273 0.520020964360587 0.7805397727272727 0.44454926624737945
0.8783143939393939 0.520020964360587 0.8612689393939394 0.44454926624737945
0.9623579545454546 0.520020964360587 0.9453125 0.44454926624737945
0.056107954545454544 0.40041928721174 0.03740530303030303 0.3176100628930818
0.22088068181818182 0.40041928721174 0.2021780303030303 0.3176100628930818
0.3856534090909091 0.40041928721174 0.36695075757575757 0.3176100628930818
0.7151988636363636 0.40041928721174 0.6964962121212122 0.3176100628930818
0.8799715909090909 0.40041928721174 0.8612689393939394 0.3176100628930818
0.9623579545454546 0.40041928721174 0.943655303030303 0.3176100628930818
0.7975852272727273 0.40041928721174 0.7788825757575758 0.3176100628930818
0.6328125 0.40041928721174 0.6141098484848485 0.3176100628930818
0.4680397727272727 0.40041928721174 0.4493371212121212 0.3176100628930818
0.13849431818181818 0.40041928721174 0.11979166666666667 0.3176100628930818
0.30326704545454547 0.40041928721174 0.2845643939393939 0.3176100628930818
0.9952651515151515 0.2746331236897275 0.9773910984848485 0.11635220125786161
0.054450757575757576 0.520020964360587 0.03740530303030303 0.44454926624737945
0.13849431818181818 0.520020964360587 0.12144886363636363 0.44454926624737945
0.21922348484848486 0.520020964360587 0.2021780303030303 0.44454926624737945
0.30326704545454547 0.520020964360587 0.2862215909090909 0.44454926624737945
0.3839962121212121 0.520020964360587 0.36695075757575757 0.44454926624737945
0.4680397727272727 0.520020964360587 0.4509943181818182 0.44454926624737945
