0.5989613761765661 0.18009941793771508 0.5476793248945148 0.19128747645550975
0.1219733852645245 0.05037458752885528 0.08821811100292112 0.057738879211454305
0.49899383317104834 0.017660137938848054 0.4477117818889971 0.028848196456642734
0.5833820188250568 0.035065358088683066 0.5496267445634534 0.042429649771282094
0.7469652710159039 0.00286074407670193 0.6489451476793249 0.013553129115860135
0.5989613761765661 0.27866762968942516 0.5476793248945148 0.28985568820721985
0.5989613761765661 0.4758040531928453 0.5476793248945148 0.48699211171064
0.5989613761765661 0.5743722649445554 0.5476793248945148 0.5855603234623501
0.5989613761765661 0.6729404766962654 0.5476793248945148 0.6841285352140601
0.5710483609217787 0.837928934585263 0.5197663096397274 0.8491169931030575
0.5687763713080168 0.8633074166914504 0.5220382992534891 0.8735041282519721
0.5509250243427458 0.8804152327541035 0.5145731905225576 0.8883460084122871
0.2266796494644596 0.7375479741116823 0.17994157740993183 0.7477446856722041
0.24219409282700421 0.7934599425018765 0.20843881856540084 0.8008242341844755
0.16046738072054528 0.8615796405659175 0.09587796170074651 0.8897622183512484
0.19824732229795522 0.7934599425018765 0.16449204803635184 0.8008242341844755
0.22895163907822136 0.7953010154225262 0.17766958779617006 0.8064890739403209
0.46394027913015257 0.8804152327541035 0.4275884453099643 0.8883460084122871
0.3107432651736449 0.810737703757205 0.2617332035053554 0.8321224738355214
0.7469652710159039 0.7186840577247171 0.6489451476793249 0.7293764427638754
0.7248945147679325 0.8804152327541035 0.6885426809477443 0.8883460084122871
0.6379097695553392 0.8804152327541035 0.6015579357351509 0.8883460084122871
0.6373904576436222 0.8426024273838354 0.5906523855890945 0.8527991389443571
