0.8783143939393939 0.49065628476084533 0.8612689393939394 0.41056729699666294
0.9623579545454546 0.49065628476084533 0.9453125 0.41056729699666294
0.056107954545454544 0.3637374860956618 0.03740530303030303 0.27586206896551724
0.22088068181818182 0.3637374860956618 0.2021780303030303 0.27586206896551724
0.3856534090909091 0.3637374860956618 0.36695075757575757 0.27586206896551724
0.5504261363636364 0.3637374860956618 0.5317234848484849 0.27586206896551724
0.7151988636363636 0.3637374860956618 0.6964962121212122 0.27586206896551724
0.8799715909090909 0.3637374860956618 0.8612689393939394 0.27586206896551724
0.9623579545454546 0.3637374860956618 0.943655303030303 0.27586206896551724
0.7975852272727273 0.3637374860956618 0.7788825757575758 0.27586206896551724
0.4680397727272727 0.3637374860956618 0.4493371212121212 0.27586206896551724
0.13849431818181818 0.3637374860956618 0.11979166666666667 0.27586206896551724
0.30326704545454547 0.3637374860956618 0.2845643939393939 0.27586206896551724
0.9952651515151515 0.23025583982202447 0.9773910984848485 0.0622914349276974
0.054450757575757576 0.49065628476084533 0.03740530303030303 0.41056729699666294
0.13849431818181818 0.49065628476084533 0.12144886363636363 0.41056729699666294
0.21922348484848486 0.49065628476084533 0.2021780303030303 0.41056729699666294
0.30326704545454547 0.49065628476084533 0.2862215909090909 0.41056729699666294
0.3839962121212121 0.49065628476084533 0.36695075757575757 0.41056729699666294
0.4680397727272727 0.49065628476084533 0.4509943181818182 0.41056729699666294
0.7135416666666666 0.49065628476084533 0.6964962121212122 0.41056729699666294
0.7975852272727273 0.49065628476084533 0.7805397727272727 0.41056729699666294
