0.113754889178618 0.34839255499153976 0.08930899608865711 0.30609137055837565
0.7367992177314211 0.05301748448956567 0.6755215123859192 0.0
0.16965449804432856 1.0 0.1083767926988266 0.9469825155104343
0.10342242503259452 0.5618725324309081 0.05443285528031291 0.5310208685843203
0.85625814863103 0.5713479977439369 0.8413298565840939 0.5194585448392555
0.05084745762711865 0.34839255499153976 0.026401564537157758 0.30609137055837565
0.024445893089960886 0.5209813874788494 0.0 0.47868020304568526
0.7777053455019557 0.13987591652566267 0.7558670143415906 0.10208685843203613
0.10202086049543677 0.5590524534686971 0.055247718383311606 0.5296108291032149
0.08940677966101696 0.5294980259447264 0.07040417209908735 0.49142695995487873
0.823076923076923 0.6452340665538635 0.8001955671447197 0.545910885504794
0.8411994784876141 0.5713479977439369 0.826271186440678 0.5194585448392555
