0.6068714899240172 0.058663833805476864 0.5633740777447418 0.07731350330500472
0.5000550600154168 0.9440509915014165 0.4565576478361414 0.9627006610009443
0.32221121021913884 0.9440509915014165 0.27871379803986346 0.9627006610009443
0.6068714899240172 0.8616619452313503 0.5633740777447418 0.8803116147308782
0.7984803435744962 0.3687440982058546 0.7549829313952208 0.3873937677053824
0.7984803435744962 0.3064211520302172 0.7549829313952208 0.32507082152974504
0.7984803435744962 0.27101038715769593 0.7549829313952208 0.2896600566572238
0.6096244906948574 0.9802880075542965 0.5264838674154829 0.9981114258734656
0.7984803435744962 0.12842304060434373 0.7549829313952208 0.14707271010387157
0.6068714899240172 0.6973559962228517 0.5633740777447418 0.7160056657223796
0.6068714899240172 0.5330500472143531 0.5633740777447418 0.5516997167138811
0.5518114745072129 0.29485363550519356 0.5116176632529457 0.3120868744098206
0.5958594868406563 0.3677762039660057 0.56667767866975 0.3800519357884797
0.5253826671071468 0.3677762039660057 0.4962008589362405 0.3800519357884797
0.45490584737363726 0.3677762039660057 0.425724039202731 0.3800519357884797
0.38442902764012776 0.12965061378659112 0.35524721946922144 0.14192634560906517
0.45490584737363726 0.29490084985835696 0.425724039202731 0.30717658168083095
0.38442902764012776 0.20252596789423985 0.35524721946922144 0.21480169971671387
0.38442902764012776 0.3677762039660057 0.35524721946922144 0.3800519357884797
0.45490584737363726 0.12965061378659112 0.425724039202731 0.14192634560906517
0.38442902764012776 0.29490084985835696 0.35524721946922144 0.30717658168083095
0.45490584737363726 0.20252596789423985 0.425724039202731 0.21480169971671387
0.5253826671071468 0.20252596789423985 0.4962008589362405 0.21480169971671387
0.5958594868406563 0.20252596789423985 0.56667767866975 0.21480169971671387
0.5518114745072129 0.12960339943342777 0.5116176632529457 0.14683663833805477
0.6068714899240172 0.14046270066100094 0.5633740777447418 0.1591123701605288
0.6068714899240172 0.3047686496694995 0.5633740777447418 0.32341831916902736
0.7984803435744962 0.4508970727101039 0.7549829313952208 0.4695467422096317
0.7984803435744962 0.5330500472143531 0.7549829313952208 0.5516997167138811
0.7984803435744962 0.6973559962228517 0.7549829313952208 0.7160056657223796
0.7984803435744962 0.8616619452313503 0.7549829313952208 0.8803116147308782
0.7324083250743311 0.4002596789423985 0.6492677017949565 0.4180830972615675
0.7324083250743311 0.0018885741265344666 0.6492677017949565 0.019711992445703493
