0.11485451761102604 0.7302174919018972 0.10019689345876176 0.7922258213789912
0.1936119011157296 0.7302174919018972 0.17895427696346533 0.7922258213789912
0.18534237584773572 0.8417399352151782 0.17396630934150076 0.8907913003239241
0.21699846860643185 0.7496529384544193 0.2056224021001969 0.7987043035631652
0.21699846860643185 0.8417399352151782 0.2056224021001969 0.8907913003239241
0.18534237584773572 0.7496529384544193 0.17396630934150076 0.7987043035631652
0.05972434915773354 0.9301249421564091 0.0266900021877051 1.0
0.15685845548020128 0.6612679315131883 0.13695033909429008 0.7033780657103192
0.0320936337781667 0.44377602961591855 0.014876394661999562 0.5900046274872744
0.10822577116604681 0.44377602961591855 0.09100853204987967 0.5900046274872744
0.18435790855392692 0.44377602961591855 0.1671406694377598 0.5900046274872744
0.260490045941807 0.44377602961591855 0.2432728068256399 0.5900046274872744
0.7934150076569678 0.44377602961591855 0.7761977685408007 0.5900046274872744
0.869547145044848 0.44377602961591855 0.8523299059286809 0.5900046274872744
0.7172828702690878 0.44377602961591855 0.7000656311529205 0.5900046274872744
0.9168672063005907 0.5414160111059695 0.9003500328155765 0.6811661267931514
0.8696127761977686 0.7302174919018972 0.8523299059286809 0.8033317908375752
0.6608400787573835 0.6214715409532624 0.6436228396412164 0.7677001388246182
0.5847079413695034 0.6214715409532624 0.5674907022533362 0.7677001388246182
0.43244366659374317 0.6214715409532624 0.41522642747757604 0.7677001388246182
0.9733099978122949 0.01850994909763998 0.9402756508422665 0.08838500694123091
0.5086414351345439 0.6945858398889403 0.49135856486545615 0.7677001388246182
