0.4932003626473255 0.6175504458000939 0.4215775158658205 0.6360863444392304
0.699909338168631 0.007508212106992022 0.5630099728014506 0.025222900046926327
0.5385312783318223 0.9804082590333177 0.4016319129646419 0.998122946973252
0.4932003626473255 0.12869544814641012 0.4215775158658205 0.1472313467855467
0.8087035358114234 0.1337400281557954 0.7370806890299184 0.15227592679493196
0.4932003626473255 0.04704364148287189 0.4215775158658205 0.06557954012200845
0.4932003626473255 0.7808540591271703 0.4215775158658205 0.799389957766307
0.4932003626473255 0.21034725480994837 0.4215775158658205 0.22888315344908494
0.4932003626473255 0.37365086813702486 0.4215775158658205 0.39218676677616143
0.4932003626473255 0.5358986391365556 0.4215775158658205 0.5544345377756922
0.3173164097914778 0.9443923040825903 0.2456935630099728 0.9629282027217269
0.8087035358114234 0.9443923040825903 0.7370806890299184 0.9629282027217269
0.4932003626473255 0.45530267480056313 0.4215775158658205 0.47383857343969965
0.7325475974614687 0.837400281557954 0.6609247506799637 0.8559361801970906
0.4932003626473255 0.29199906147348664 0.4215775158658205 0.31053496011262316
0.8087035358114234 0.7808540591271703 0.7370806890299184 0.799389957766307
0.8485947416137806 0.6682778038479587 0.7914777878513146 0.6830595964335993
0.885040797824116 0.7165649929610511 0.8378966455122393 0.7290004692632567
0.885040797824116 0.7503519474425152 0.8378966455122393 0.7627874237447207
0.885040797824116 0.8772876583763491 0.8378966455122393 0.8897231346785547
0.885040797824116 0.9110746128578132 0.8378966455122393 0.9235100891600188
0.4932003626473255 0.8625058657907085 0.4215775158658205 0.8810417644298452
0.8087035358114234 0.3725950258094791 0.7370806890299184 0.3911309244486157
0.8087035358114234 0.29094321914594085 0.7370806890299184 0.3094791177850774
0.8087035358114234 0.25129047395588927 0.7370806890299184 0.2698263725950258
0.4932003626473255 0.6992022524636321 0.4215775158658205 0.7177381511027686
