0.113754889178618 0.6516074450084602 0.08930899608865711 0.6939086294416243
0.7367992177314211 0.9469825155104343 0.6755215123859192 1.0
0.16965449804432856 0.0 0.1083767926988266 0.05301748448956571
0.10342242503259452 0.43812746756909193 0.05443285528031291 0.46897913141567965
0.85625814863103 0.42865200225606315 0.8413298565840939 0.4805414551607445
0.05084745762711865 0.6516074450084602 0.026401564537157758 0.6939086294416243
0.024445893089960886 0.4790186125211506 0.0 0.5213197969543147
0.7777053455019557 0.8601240834743373 0.7558670143415906 0.8979131415679639
0.10202086049543677 0.44094754653130286 0.055247718383311606 0.4703891708967851
0.08940677966101696 0.47050197405527355 0.07040417209908735 0.5085730400451213
0.823076923076923 0.3547659334461365 0.8001955671447197 0.4540891144952059
0.8411994784876141 0.42865200225606315 0.826271186440678 0.4805414551607445
