0.3173164097914778 0.05876799622374318 0.2456935630099728 0.04012272834552755
0.8087035358114234 0.05876799622374318 0.7370806890299184 0.04012272834552755
0.7325475974614687 0.1663913146093935 0.6609247506799637 0.14774604673117775
0.8087035358114234 0.223271182440406 0.7370806890299184 0.20462591456219026
0.8091568449682683 0.26853906065612465 0.7611060743427017 0.256266226103375
0.885040797824116 0.25395326882227987 0.8378966455122393 0.24144441822043894
0.885040797824116 0.09228227519471321 0.8378966455122393 0.07977342459287229
0.8087035358114234 0.6339391078593344 0.7370806890299184 0.6152938399811188
0.8087035358114234 0.7160726929431201 0.7370806890299184 0.6974274250649044
0.8087035358114234 0.7559594052395563 0.7370806890299184 0.7373141373613405
0.8087035358114234 0.8742034458343168 0.7370806890299184 0.855558177956101
0.557116953762466 0.633844701439698 0.413871260199456 0.6152938399811188
0.557116953762466 0.5517111163559122 0.413871260199456 0.5331602548973331
0.557116953762466 0.46957753127212654 0.413871260199456 0.45102666981354733
0.557116953762466 0.38744394618834077 0.413871260199456 0.3688930847297617
0.557116953762466 0.3053103611045551 0.413871260199456 0.2867594996459759
0.557116953762466 0.22317677602076946 0.413871260199456 0.20462591456219026
0.557116953762466 0.1410431909369837 0.413871260199456 0.1224923294784045
0.557116953762466 0.7159782865234836 0.413871260199456 0.6974274250649044
0.557116953762466 0.7981118716072693 0.413871260199456 0.7795610101486901
0.557116953762466 0.880245456691055 0.413871260199456 0.8616945952324758
0.557116953762466 0.9438517819211707 0.413871260199456 0.9253009204625915
0.8195829555757026 0.4696719376917631 0.7479601087941976 0.45102666981354733
0.8032638259292838 0.32664621194241206 0.7370806890299184 0.3094170403587444
0.8091568449682683 0.10686806702855789 0.7611060743427017 0.09459523247580837
0.5385312783318223 0.02253953268822284 0.4016319129646419 0.004720320981826731
