0.46328195829555757 0.9045956951716114 0.3916591115140526 0.8862129144851658
0.41205802357207616 0.8794182664339733 0.35494106980961015 0.8647585805700989
0.29909338168631006 0.9071553228621292 0.24197642792384405 0.8924956369982548
0.14052583862194015 0.8749970913321699 0.08340888485947416 0.8603374054682955
0.2774252039891206 0.8749970913321699 0.22030825022665457 0.8603374054682955
0.28912058023572074 0.8129144851657941 0.23200362647325476 0.7982547993019198
0.46328195829555757 0.8166375799883654 0.3916591115140526 0.7982547993019198
0.7461468721668177 0.7759162303664922 0.6745240253853128 0.7575334496800465
0.6373526745240253 0.12309482257126236 0.5004533091568449 0.10552646887725425
0.25929283771532186 0.01756835369400811 0.12239347234814144 0.0
0.5902085222121487 0.9592321116928447 0.5330915684496826 0.9445724258289703
0.7438803263825929 0.9447585805700989 0.600634632819583 0.9264688772542176
0.7438803263825929 0.7202094240837696 0.600634632819583 0.7019197207678883
0.5371713508612874 0.9491797556719023 0.39392565729827744 0.930890052356021
0.5371713508612874 0.7382198952879582 0.39392565729827744 0.7199069226294357
0.7438803263825929 0.900174520069808 0.600634632819583 0.8818615474112856
0.7438803263825929 0.6572425828970332 0.600634632819583 0.6389296102385107
0.5371713508612874 0.6572425828970332 0.39392565729827744 0.6389296102385107
0.5371713508612874 0.5762652705061082 0.39392565729827744 0.5579522978475858
0.5371713508612874 0.4883071553228622 0.39392565729827744 0.4699941826643397
0.5371713508612874 0.41431064572425824 0.39392565729827744 0.39599767306573586
0.5371713508612874 0.33333333333333337 0.39392565729827744 0.315020360674811
0.5371713508612874 0.2523560209424084 0.39392565729827744 0.234043048283886
0.5371713508612874 0.1713787085514834 0.39392565729827744 0.15306573589296102
0.7438803263825929 0.5762652705061082 0.600634632819583 0.5579522978475858
0.7438803263825929 0.4883071553228622 0.600634632819583 0.4699941826643397
0.7438803263825929 0.33333333333333337 0.600634632819583 0.315020360674811
0.7438803263825929 0.2523560209424084 0.600634632819583 0.234043048283886
0.7438803263825929 0.1713787085514834 0.600634632819583 0.15306573589296102
0.7438803263825929 0.08760907504363002 0.600634632819583 0.06929610238510764
