0.4932003626473255 0.3824495541999061 0.4215775158658205 0.3639136555607696
0.699909338168631 0.992491787893008 0.5630099728014506 0.9747770999530737
0.5385312783318223 0.01959174096668226 0.4016319129646419 0.0018770530267480101
0.4932003626473255 0.8713045518535899 0.4215775158658205 0.8527686532144533
0.8087035358114234 0.8662599718442046 0.7370806890299184 0.847724073205068
0.4932003626473255 0.9529563585171281 0.4215775158658205 0.9344204598779915
0.4932003626473255 0.21914594087282968 0.4215775158658205 0.20061004223369305
0.4932003626473255 0.7896527451900517 0.4215775158658205 0.7711168465509151
0.4932003626473255 0.6263491318629751 0.4215775158658205 0.6078132332238386
0.4932003626473255 0.46410136086344445 0.4215775158658205 0.4455654622243078
0.3173164097914778 0.05560769591740966 0.2456935630099728 0.037071797278273144
0.8087035358114234 0.05560769591740966 0.7370806890299184 0.037071797278273144
0.4932003626473255 0.5446973251994369 0.4215775158658205 0.5261614265603003
0.7325475974614687 0.16259971844204602 0.6609247506799637 0.1440638198029094
0.4932003626473255 0.7080009385265134 0.4215775158658205 0.6894650398873768
0.8087035358114234 0.21914594087282968 0.7370806890299184 0.20061004223369305
0.8485947416137806 0.33172219615204135 0.7914777878513146 0.31694040356640074
0.885040797824116 0.28343500703894886 0.8378966455122393 0.2709995307367433
0.885040797824116 0.2496480525574848 0.8378966455122393 0.23721257625527925
0.885040797824116 0.12271234162365086 0.8378966455122393 0.11027686532144532
0.885040797824116 0.08892538714218678 0.8378966455122393 0.07648991083998125
0.4932003626473255 0.13749413420929146 0.4215775158658205 0.11895823557015484
0.8087035358114234 0.6274049741905209 0.7370806890299184 0.6088690755513844
0.8087035358114234 0.7090567808540591 0.7370806890299184 0.6905208822149226
0.8087035358114234 0.7487095260441108 0.7370806890299184 0.7301736274049742
0.4932003626473255 0.3007977475363679 0.4215775158658205 0.2822618488972314
