0.1432548310405787 0.5919426594167079 0.1279133562270132 0.5173010380622838
0.11765183996098592 0.6544735541275334 0.10159917095076504 0.6154226396440929
0.8247820697783106 0.6544735541275334 0.8087294007680897 0.6154226396440929
0.0749801881616646 0.592189817103312 0.05963871334809908 0.5175481957488878
0.32979090890618334 0.6544735541275334 0.31373823989596245 0.6154226396440929
0.7540690467965782 0.6544735541275334 0.7380163777863573 0.6154226396440929
0.9210980838396359 0.5919426594167079 0.9057566090260704 0.5173010380622838
0.8772072419889053 0.6485417696490361 0.8635929530815029 0.6154226396440929
0.8772072419889053 0.7147800296589224 0.8635929530815029 0.6816608996539792
0.8935037490094081 0.8388531883341572 0.8829374352305285 0.8126544735541276
0.8935037490094081 0.782501235788433 0.8829374352305285 0.7563025210084033
0.8935037490094081 0.7261492832427088 0.8829374352305285 0.6999505684626792
0.8935037490094081 0.6673257538309442 0.8829374352305285 0.6411270390509145
0.6325767581736533 0.3418190805734058 0.6152845792778331 0.3029164607019278
0.8247820697783106 0.4883835887296095 0.8087294007680897 0.4493326742461691
0.6126430008331132 0.4883835887296095 0.5965903318228923 0.4493326742461691
0.6542986609229269 0.45032130499258527 0.6394651819641152 0.4142362827483935
0.4261069229675086 0.45032130499258527 0.41127344400869686 0.4142362827483935
0.28447767866214213 0.45032130499258527 0.2696441997033304 0.4142362827483935
0.8954950927600431 0.4883835887296095 0.8794424237498222 0.4493326742461691
0.27464287891410805 0.38467622343054864 0.2586308495722675 0.31275333662876914
0.33060370227378943 0.39644092931290165 0.3157702233149777 0.3603559070687098
0.32979090890618334 0.4883835887296095 0.31373823989596245 0.4493326742461691
0.3893077032491415 0.12362827483934746 0.3787413894702619 0.0974295600593178
0.124966980269441 0.4972812654473554 0.09428403064230996 0.45996045477014336
0.5419299778513808 0.6591695501730104 0.5259585881779205 0.5810677212061295
0.6125820413305427 0.6591695501730104 0.5965903318228923 0.5810677212061295
0.7808912279275801 0.6875432525951557 0.7660577489687684 0.651458230350964
0.9735232560502306 0.9841819080573406 0.9428403064230996 0.9468610973801286
