0.1432548310405787 0.4080573405832921 0.1279133562270132 0.4826989619377163
0.11765183996098592 0.3455264458724666 0.10159917095076504 0.38457736035590706
0.8247820697783106 0.3455264458724666 0.8087294007680897 0.38457736035590706
0.0749801881616646 0.4078101828966881 0.05963871334809908 0.4824518042511122
0.32979090890618334 0.3455264458724666 0.31373823989596245 0.38457736035590706
0.7540690467965782 0.3455264458724666 0.7380163777863573 0.38457736035590706
0.9210980838396359 0.4080573405832921 0.9057566090260704 0.4826989619377163
0.8772072419889053 0.3514582303509639 0.8635929530815029 0.38457736035590706
0.8772072419889053 0.2852199703410776 0.8635929530815029 0.31833910034602075
0.8935037490094081 0.1611468116658428 0.8829374352305285 0.18734552644587246
0.8935037490094081 0.21749876421156697 0.8829374352305285 0.24369747899159663
0.8935037490094081 0.27385071675729117 0.8829374352305285 0.30004943153732083
0.8935037490094081 0.33267424616905583 0.8829374352305285 0.3588729609490855
0.6325767581736533 0.6581809194265942 0.6152845792778331 0.6970835392980722
0.8247820697783106 0.5116164112703905 0.8087294007680897 0.5506673257538309
0.6126430008331132 0.5116164112703905 0.5965903318228923 0.5506673257538309
0.6542986609229269 0.5496786950074147 0.6394651819641152 0.5857637172516065
0.4261069229675086 0.5496786950074147 0.41127344400869686 0.5857637172516065
0.28447767866214213 0.5496786950074147 0.2696441997033304 0.5857637172516065
0.8954950927600431 0.5116164112703905 0.8794424237498222 0.5506673257538309
0.27464287891410805 0.6153237765694514 0.2586308495722675 0.6872466633712309
0.33060370227378943 0.6035590706870984 0.3157702233149777 0.6396440929312902
0.32979090890618334 0.5116164112703905 0.31373823989596245 0.5506673257538309
0.3893077032491415 0.8763717251606525 0.3787413894702619 0.9025704399406822
0.124966980269441 0.5027187345526446 0.09428403064230996 0.5400395452298566
0.5419299778513808 0.3408304498269896 0.5259585881779205 0.4189322787938705
0.6125820413305427 0.3408304498269896 0.5965903318228923 0.4189322787938705
0.7808912279275801 0.3124567474048443 0.7660577489687684 0.3485417696490361
0.9735232560502306 0.015818091942659415 0.9428403064230996 0.053138902619871475
