0.869547145044848 0.4251554280248685 0.8523299059286809 0.5762792922046868
0.35631152920586306 0.6087996174079388 0.3390942900896959 0.759923481587757
0.6608400787573835 0.6087996174079388 0.6436228396412164 0.759923481587757
0.7172828702690878 0.4251554280248685 0.7000656311529205 0.5762792922046868
0.9168672063005907 0.5260640841702535 0.9003500328155765 0.670492587278814
0.8696127761977686 0.7211860353897657 0.8523299059286809 0.7967479674796748
0.8051848610807263 0.6217120994739359 0.7894333843797856 0.6924916307986609
0.11485451761102604 0.7211860353897657 0.10019689345876176 0.7852702056432329
0.1936119011157296 0.7211860353897657 0.17895427696346533 0.7852702056432329
0.18534237584773572 0.836441893830703 0.17396630934150076 0.8871353419416547
0.21699846860643185 0.741272118603539 0.2056224021001969 0.7919655667144907
0.21699846860643185 0.836441893830703 0.2056224021001969 0.8871353419416547
0.18534237584773572 0.741272118603539 0.17396630934150076 0.7919655667144907
0.05972434915773354 0.9277857484457197 0.0266900021877051 1.0
0.15685845548020128 0.6499282639885222 0.13695033909429008 0.6934481109516978
0.0320936337781667 0.4251554280248685 0.014876394661999562 0.5762792922046868
0.10822577116604681 0.4251554280248685 0.09100853204987967 0.5762792922046868
0.18435790855392692 0.4251554280248685 0.1671406694377598 0.5762792922046868
0.260490045941807 0.4251554280248685 0.2432728068256399 0.5762792922046868
0.7934150076569678 0.4251554280248685 0.7761977685408007 0.5762792922046868
