0.25929283771532186 0.01756835369400811 0.12239347234814144 0.0
0.6373526745240253 0.5293775450843514 0.5004533091568449 0.5118091913903432
0.7461468721668177 0.6572425828970332 0.6745240253853128 0.6388598022105876
0.6591115140525838 0.4883071553228622 0.5874886672710788 0.46992437463641656
0.10063463281958296 0.9392670157068063 0.02901178603807797 0.9208842350203607
0.46328195829555757 0.9045956951716114 0.3916591115140526 0.8862129144851658
0.41205802357207616 0.8794182664339733 0.35494106980961015 0.8647585805700989
0.46328195829555757 0.5762652705061082 0.3916591115140526 0.5578824898196626
0.14052583862194015 0.804328097731239 0.08340888485947416 0.7896684118673647
0.2774252039891206 0.804328097731239 0.22030825022665457 0.7896684118673647
0.46328195829555757 0.6572425828970332 0.3916591115140526 0.6388598022105876
0.29909338168631006 0.9071553228621292 0.24197642792384405 0.8924956369982548
0.6591115140525838 0.41431064572425824 0.5874886672710788 0.39592786503781263
0.14052583862194015 0.8749970913321699 0.08340888485947416 0.8603374054682955
0.2774252039891206 0.8749970913321699 0.22030825022665457 0.8603374054682955
0.41205802357207616 0.7999069226294357 0.35494106980961015 0.7852472367655614
0.29909338168631006 0.7721931355439209 0.24197642792384405 0.7575334496800465
0.46328195829555757 0.7759162303664922 0.3916591115140526 0.7575334496800465
0.7461468721668177 0.9011052937754509 0.6745240253853128 0.8827225130890053
0.7461468721668177 0.5762652705061082 0.6745240253853128 0.5578824898196626
0.7461468721668177 0.9643979057591623 0.6745240253853128 0.9460151250727167
0.7461468721668177 0.7759162303664922 0.6745240253853128 0.7575334496800465
0.6373526745240253 0.7479930191972077 0.5004533091568449 0.7304246655031995
0.6373526745240253 0.12309482257126236 0.5004533091568449 0.10552646887725425
