0.4281683327958723 0.49361465852304276 0.42181554337310545 0.4036646307606885
0.4098597226701064 0.5901166018878401 0.4038213479522735 0.5452526374236535
0.4028539180909384 0.37196002220988345 0.39633989035794903 0.30705163797890056
0.4028539180909384 0.4403109383675736 0.39633989035794903 0.39533592448639643
0.4028539180909384 0.5352026651860078 0.39633989035794903 0.49361465852304276
0.4361899387294421 0.28872848417545804 0.42982102547565304 0.24486396446418657
0.4644066430183812 0.28872848417545804 0.45803772976459206 0.24486396446418657
0.5490567558851983 0.28872848417545804 0.5426878426314092 0.24486396446418657
0.6901402773298936 0.28872848417545804 0.6837713640761045 0.24486396446418657
0.7888987423411803 0.28872848417545804 0.7825298290873912 0.24486396446418657
0.5772734601741374 0.28872848417545804 0.5709045469203483 0.24486396446418657
0.7183569816188327 0.28872848417545804 0.7119880683650436 0.24486396446418657
0.9383263463398903 0.6085508051082732 0.9309900032247662 0.558023320377568
0.8121170590132215 0.28872848417545804 0.8057481457594324 0.24486396446418657
0.8082473395678813 0.22931704608550807 0.8018784263140922 0.18545252637423648
0.838237665269268 0.22931704608550807 0.8318687520154788 0.18545252637423648
0.8999113189293776 0.28872848417545804 0.8935424056755885 0.24486396446418657
0.4117945823927765 0.3406996113270405 0.4062479845211222 0.30249861188228766
0.3765720735246695 0.3406996113270405 0.3700419219606578 0.29972237645752364
0.7992583037729765 0.27595780122154356 0.793639148661722 0.19850083287062747
0.3659142212189616 0.27623542476401997 0.36028700419219606 0.19877845641310388
0.3370686875201548 0.16213214880621873 0.3191712350854563 0.10049972237645755
0.010230570783618187 0.43253747917823426 0.004587229925830378 0.393670183231538
0.4926233473073202 0.28872848417545804 0.48625443405353114 0.24486396446418657
0.6619235730409545 0.28872848417545804 0.6555546597871654 0.24486396446418657
0.8536762334730732 0.4086618545252637 0.8473073202192841 0.36479733481399224
0.8440825540148339 0.571904497501388 0.8377136407610448 0.5280399777901166
0.4529829087391164 0.27623542476401997 0.44735569171235084 0.19877845641310388
0.9080135440180587 0.27595780122154356 0.9023943889068042 0.19850083287062747
0.8999113189293776 0.34925041643531374 0.8935424056755885 0.30538589672404215
0.38502096098032895 0.3753470294280955 0.3785069332473396 0.30705163797890056
0.38502096098032895 0.5385896724042198 0.3785069332473396 0.3987229317046086
0.6054901644630765 0.28872848417545804 0.5991212512092873 0.24486396446418657
0.3770477265398259 0.5901166018878401 0.36343115124153497 0.5452526374236535
0.052563689132537894 0.3254303164908384 0.04675910996452757 0.28545252637423657
0.10899709771041599 0.3254303164908384 0.10319251854240567 0.28545252637423657
0.25008061915511126 0.3254303164908384 0.24427603998710093 0.28545252637423657
0.2921638181231861 0.2687395891171571 0.28756852628184454 0.20544142143253752
0.12811996130280554 0.49028317601332594 0.12231538213479523 0.4503053858967241
0.0259513060303128 0.43309272626318707 0.020146726862302483 0.3931149361465852
0.17333118348919704 0.464741810105497 0.1675266043211867 0.424764019988895
0.8307400838439213 0.5124930594114381 0.8260641728474686 0.4802887284841755
0.16607545952918412 0.5165463631315936 0.16040793292486294 0.4774569683509161
0.43747178329571107 0.5429205996668518 0.43062721702676554 0.4991671293725708
0.4281683327958723 0.38750694058856194 0.42181554337310545 0.30705163797890056
