0.7153846153846154 0.6912739322533137 0.6858974358974359 0.716678939617084
0.7153846153846154 0.7684094256259205 0.6858974358974359 0.7938144329896907
0.12106837606837607 0.14863770250368188 0.048504273504273505 0.19285714285714287
0.3141025641025641 0.8888070692194403 0.2722222222222222 0.9248895434462445
0.5465811965811965 0.8061487481590575 0.4534188034188034 0.8262150220913107
0.4252136752136752 0.8061487481590575 0.33205128205128204 0.8262150220913107
0.6679487179487179 0.8061487481590575 0.5747863247863247 0.8262150220913107
0.5465811965811965 0.5649852724594993 0.4534188034188034 0.5850515463917526
0.6679487179487179 0.5649852724594993 0.5747863247863247 0.5850515463917526
0.4252136752136752 0.5649852724594993 0.33205128205128204 0.5850515463917526
