0.4281683327958723 0.5063853414769572 0.42181554337310545 0.5963353692393115
0.4098597226701064 0.4098833981121599 0.4038213479522735 0.45474736257634646
0.4028539180909384 0.6280399777901166 0.39633989035794903 0.6929483620210994
0.4028539180909384 0.5596890616324264 0.39633989035794903 0.6046640755136036
0.4028539180909384 0.4647973348139922 0.39633989035794903 0.5063853414769572
0.4361899387294421 0.711271515824542 0.42982102547565304 0.7551360355358134
0.4644066430183812 0.711271515824542 0.45803772976459206 0.7551360355358134
0.5490567558851983 0.711271515824542 0.5426878426314092 0.7551360355358134
0.6901402773298936 0.711271515824542 0.6837713640761045 0.7551360355358134
0.7888987423411803 0.711271515824542 0.7825298290873912 0.7551360355358134
0.5772734601741374 0.711271515824542 0.5709045469203483 0.7551360355358134
0.7183569816188327 0.711271515824542 0.7119880683650436 0.7551360355358134
0.9383263463398903 0.3914491948917268 0.9309900032247662 0.441976679622432
0.8121170590132215 0.711271515824542 0.8057481457594324 0.7551360355358134
0.8082473395678813 0.7706829539144919 0.8018784263140922 0.8145474736257635
0.838237665269268 0.7706829539144919 0.8318687520154788 0.8145474736257635
0.8999113189293776 0.711271515824542 0.8935424056755885 0.7551360355358134
0.4117945823927765 0.6593003886729595 0.4062479845211222 0.6975013881177123
0.3765720735246695 0.6593003886729595 0.3700419219606578 0.7002776235424764
0.7992583037729765 0.7240421987784564 0.793639148661722 0.8014991671293725
0.3659142212189616 0.72376457523598 0.36028700419219606 0.8012215435868961
0.3370686875201548 0.8378678511937813 0.3191712350854563 0.8995002776235425
0.010230570783618187 0.5674625208217657 0.004587229925830378 0.606329816768462
0.4926233473073202 0.711271515824542 0.48625443405353114 0.7551360355358134
0.6619235730409545 0.711271515824542 0.6555546597871654 0.7551360355358134
0.8536762334730732 0.5913381454747363 0.8473073202192841 0.6352026651860078
0.8440825540148339 0.4280955024986119 0.8377136407610448 0.4719600222098834
0.4529829087391164 0.72376457523598 0.44735569171235084 0.8012215435868961
0.9080135440180587 0.7240421987784564 0.9023943889068042 0.8014991671293725
0.8999113189293776 0.6507495835646863 0.8935424056755885 0.6946141032759579
0.38502096098032895 0.6246529705719045 0.3785069332473396 0.6929483620210994
0.38502096098032895 0.4614103275957801 0.3785069332473396 0.6012770682953914
0.6054901644630765 0.711271515824542 0.5991212512092873 0.7551360355358134
0.3770477265398259 0.4098833981121599 0.36343115124153497 0.45474736257634646
0.052563689132537894 0.6745696835091616 0.04675910996452757 0.7145474736257634
0.10899709771041599 0.6745696835091616 0.10319251854240567 0.7145474736257634
0.25008061915511126 0.6745696835091616 0.24427603998710093 0.7145474736257634
0.2921638181231861 0.7312604108828429 0.28756852628184454 0.7945585785674625
0.12811996130280554 0.5097168239866741 0.12231538213479523 0.5496946141032759
0.0259513060303128 0.5669072737368129 0.020146726862302483 0.6068850638534148
0.17333118348919704 0.535258189894503 0.1675266043211867 0.575235980011105
0.8307400838439213 0.4875069405885619 0.8260641728474686 0.5197112715158245
0.16607545952918412 0.4834536368684064 0.16040793292486294 0.5225430316490839
0.43747178329571107 0.45707940033314826 0.43062721702676554 0.5008328706274292
0.4281683327958723 0.6124930594114381 0.42181554337310545 0.6929483620210994
