0.5039832285115304 0.4132954545454546 0.42138364779874216 0.3953863636363636
0.9339622641509434 0.3941363636363636 0.789308176100629 0.3784545454545455
0.9337526205450734 0.8796136363636363 0.7890985324947589 0.8639318181818182
0.9653039832285115 0.3480681818181818 0.8992662473794549 0.33375
0.2734800838574423 0.3490681818181818 0.20744234800838574 0.33475
0.7526205450733753 0.4132954545454546 0.670020964360587 0.3953863636363636
0.07232704402515723 0.35659090909090907 0.0 0.3252272727272727
0.20314465408805032 0.36204545454545456 0.12054507337526206 0.3441363636363637
0.8406708595387841 0.6455681818181818 0.7578616352201258 0.6276136363636364
0.8406708595387841 0.7251136363636363 0.7578616352201258 0.7071590909090909
0.7264150943396226 0.7251136363636363 0.6436058700209644 0.7071590909090909
0.8406708595387841 0.8046590909090909 0.7578616352201258 0.7867045454545455
0.7264150943396226 0.8046590909090909 0.6436058700209644 0.7867045454545455
0.7264150943396226 0.8580681818181818 0.6436058700209644 0.8401136363636363
0.23637316561844865 0.26409090909090904 0.15356394129979037 0.2461363636363636
0.8406708595387841 0.8580681818181818 0.7578616352201258 0.8401136363636363
0.8125786163522013 0.31545454545454543 0.7580712788259958 0.30340909090909096
0.7264150943396226 0.6455681818181818 0.6436058700209644 0.6276136363636364
0.560272536687631 0.29113636363636364 0.47746331236897277 0.2731818181818182
0.8406708595387841 0.5663636363636364 0.7578616352201258 0.5484090909090908
0.8406708595387841 0.4864772727272727 0.7578616352201258 0.46852272727272726
0.7263102725366877 0.9884090909090909 0.660272536687631 0.9740909090909091
0.8241090146750524 0.9884090909090909 0.7580712788259958 0.9740909090909091
0.9030398322851153 0.26409090909090904 0.820230607966457 0.2461363636363636
