0.9638752052545156 0.9711363636363637 0.8848385331143952 0.9382954545454545
0.18040503557744936 0.14488636363636365 0.07717569786535304 0.10204545454545455
0.8336070060207992 0.5660227272727273 0.7471264367816092 0.5480681818181818
0.8336070060207992 0.85875 0.7471264367816092 0.8407954545454546
0.8226600985221675 0.9704545454545455 0.7471264367816092 0.9390909090909091
0.3103448275862069 0.13977272727272727 0.2313081554460865 0.10693181818181818
0.5095785440613027 0.0998181818181818 0.44061302681992337 0.08550000000000002
0.7022441160372195 0.0998181818181818 0.6332785987958401 0.08550000000000002
0.7911330049261084 0.07863636363636362 0.7342090859332239 0.06659090909090915
0.9507389162561576 0.8348863636363637 0.7602627257799671 0.8151136363636364
0.37438423645320196 0.26409090909090904 0.28790366721401206 0.2461363636363636
0.5407772304324029 0.29113636363636364 0.45429666119321294 0.2731818181818182
0.0735632183908046 0.3516818181818182 0.0 0.3364318181818182
0.9118773946360154 0.26409090909090904 0.8253968253968254 0.2461363636363636
0.8336070060207992 0.7251136363636363 0.7471264367816092 0.7071590909090909
0.8336070060207992 0.46511363636363634 0.7471264367816092 0.4471590909090909
0.8336070060207992 0.4107954545454545 0.7471264367816092 0.3928409090909091
0.8336070060207992 0.8046590909090909 0.7471264367816092 0.7867045454545455
0.7142857142857143 0.8046590909090909 0.6278051450465244 0.7867045454545455
0.7142857142857143 0.85875 0.6278051450465244 0.8407954545454546
0.7911330049261084 0.0304545454545454 0.7342090859332239 0.01840909090909093
0.8042692939244663 0.31545454545454543 0.7473453749315818 0.30340909090909096
0.6905309250136836 0.33045454545454545 0.6099616858237548 0.31145454545454543
0.8336070060207992 0.6455681818181818 0.7471264367816092 0.6276136363636364
0.6957854406130268 0.6276363636363637 0.5628899835796387 0.6163636363636364
0.6954570333880679 0.6150454545454546 0.6218938149972633 0.5912954545454545
0.7000547345374931 0.6154545454545455 0.653639846743295 0.5923636363636364
0.4822112753147236 0.6448863636363636 0.40229885057471265 0.6282954545454545
0.9507389162561576 0.4359545454545455 0.7602627257799671 0.4161818181818182
