0.5418848167539267 0.08257825370675453 0.41579406631762655 0.008237232289950547
0.41012216404886565 0.2802718286655683 0.349912739965096 0.13817957166392092
0.10732984293193717 0.23084843492586493 0.028795811518324606 0.13817957166392092
0.6291448516579407 0.2802718286655683 0.568935427574171 0.13817957166392092
0.3411867364746946 0.7379530477759473 0.27225130890052357 0.6566103789126854
0.5135253054101222 0.31116144975288307 0.4445898778359511 0.22981878088962104
0.818935427574171 0.31116144975288307 0.75 0.22981878088962104
0.818935427574171 0.4233937397034596 0.75 0.3420510708401977
0.5135253054101222 0.4233937397034596 0.4445898778359511 0.3420510708401977
0.9630890052356021 0.5854612850082372 0.9044502617801047 0.5163714991762768
