0.9285714285714286 0.38978240302743616 0.9220137793641571 0.31504257332071905
0.433053872333361 0.4574266792809839 0.4264962231260895 0.3826868495742668
0.310948783929609 0.2578051087984863 0.30522121690047316 0.12724692526017034
0.01079106831576326 0.2582781456953642 0.005063501286627376 0.12771996215704828
0.8362247862538391 0.7494796594134343 0.8309952685315847 0.6898770104068117
0.8520710550344485 0.8647114474929044 0.8468415373121939 0.8051087984862819
0.851083257242467 0.9005676442762536 0.8451066655598904 0.8324503311258278
0.8520710550344485 0.6754966887417219 0.8468415373121939 0.6158940397350994
0.9770067236656429 0.3218543046357616 0.9726072881215241 0.27265846736045407
0.9853905536648128 0.3218543046357616 0.980991118120694 0.27265846736045407
0.9770067236656429 0.4048249763481552 0.9726072881215241 0.35562913907284766
0.9853905536648128 0.4048249763481552 0.980991118120694 0.35562913907284766
0.9951025151489997 0.5789971617786187 0.989540964555491 0.5156102175969726
0.4801610359425583 0.2866603595080416 0.4736033867352868 0.21192052980132448
0.8995185523366813 0.2866603595080416 0.8929609031294098 0.21192052980132448
0.4511081597078111 0.2866603595080416 0.44455051050053956 0.21192052980132448
0.4220552834730638 0.2866603595080416 0.41549763426579234 0.21192052980132448
0.31866854818627044 0.09460737937559127 0.3072134141279987 0.029328287606433356
0.3930024072383166 0.2866603595080416 0.38644475803104505 0.21192052980132448
0.3724578733294596 0.09460737937559127 0.36100273927118787 0.029328287606433356
0.4220552834730638 0.38978240302743616 0.41549763426579234 0.31504257332071905
0.4511081597078111 0.38978240302743616 0.44455051050053956 0.31504257332071905
0.4801610359425583 0.38978240302743616 0.4736033867352868 0.31504257332071905
0.5092139121773056 0.38978240302743616 0.5026562629700341 0.31504257332071905
0.5092139121773056 0.2866603595080416 0.5026562629700341 0.21192052980132448
0.5673196646468001 0.2866603595080416 0.5607620154395285 0.21192052980132448
0.5673196646468001 0.38978240302743616 0.5607620154395285 0.31504257332071905
0.5963725408815472 0.2866603595080416 0.5898148916742757 0.21192052980132448
0.5963725408815472 0.38978240302743616 0.5898148916742757 0.31504257332071905
0.6254254171162945 0.2866603595080416 0.618867767909023 0.21192052980132448
0.6254254171162945 0.38978240302743616 0.618867767909023 0.31504257332071905
0.6544782933510418 0.2866603595080416 0.6479206441437703 0.21192052980132448
0.6544782933510418 0.38978240302743616 0.6479206441437703 0.31504257332071905
0.683531169585789 0.38978240302743616 0.6769735203785174 0.31504257332071905
0.683531169585789 0.2866603595080416 0.6769735203785174 0.21192052980132448
0.7416369220552834 0.38978240302743616 0.735079272848012 0.31504257332071905
0.7416369220552834 0.2866603595080416 0.735079272848012 0.21192052980132448
0.799742674524778 0.38978240302743616 0.7931850253175065 0.31504257332071905
0.799742674524778 0.2866603595080416 0.7931850253175065 0.21192052980132448
0.8375114136299494 0.38978240302743616 0.8309537644226779 0.31504257332071905
0.9365817215904374 0.2582781456953642 0.9308541545613016 0.12771996215704828
0.3806756868930024 0.25875118259224217 0.3749481198638665 0.12819299905392623
0.7706897982900307 0.2866603595080416 0.7641321490827592 0.21192052980132448
0.7125840458205362 0.2866603595080416 0.7060263966132647 0.21192052980132448
0.5382667884120528 0.2866603595080416 0.5317091392047812 0.21192052980132448
0.5382667884120528 0.38978240302743616 0.5317091392047812 0.31504257332071905
0.7125840458205362 0.38978240302743616 0.7060263966132647 0.31504257332071905
0.7706897982900307 0.38978240302743616 0.7641321490827592 0.31504257332071905
0.9285714285714286 0.2866603595080416 0.9220137793641571 0.21192052980132448
0.8496306134307297 0.17407757805108803 0.8430729642234581 0.09933774834437081
0.3930024072383166 0.38978240302743616 0.38644475803104505 0.31504257332071905
