0.6246581196581197 0.2280927835051546 0.5938888888888889 0.2148379970544919
0.40615384615384614 0.2280927835051546 0.37538461538461537 0.2148379970544919
0.4044871794871795 0.37459499263622975 0.3737179487179487 0.36134020618556706
0.3547008547008547 0.37459499263622975 0.33205128205128204 0.36502209131075114
0.4147008547008547 0.3702135493372607 0.37837606837606835 0.35456553755522824
0.6262820512820513 0.37459499263622975 0.5955128205128205 0.36134020618556706
0.6679487179487179 0.37459499263622975 0.6452991452991453 0.36502209131075114
0.5143162393162393 0.19385125184094254 0.4856837606837607 0.18151693667157587
0.5143162393162393 0.0716126656848306 0.4856837606837607 0.05927835051546393
0.31405982905982904 0.281940353460972 0.28713675213675216 0.27034241531664216
0.5582051282051282 0.16909057437407948 0.5274358974358975 0.1558357879234168
0.4726068376068376 0.10520986745213545 0.4418376068376068 0.09195508100147276
0.5582051282051282 0.10520986745213545 0.5274358974358975 0.09195508100147276
0.4726068376068376 0.16909057437407948 0.4418376068376068 0.1558357879234168
0.712905982905983 0.281940353460972 0.685982905982906 0.27034241531664216
