0.46043224587065495 0.3978636363636363 0.3536034185224751 0.36831818181818177
1.0 0.34977272727272724 0.942476785274057 0.33386363636363636
0.8878297312844112 0.3025681818181818 0.7740159421480812 0.28681818181818186
0.4269044292875339 0.9395454545454546 0.3200756019393541 0.91
0.8201166899498726 0.6423863636363636 0.7551976333305941 0.6244318181818183
0.8887336675158188 0.5088636363636363 0.7749198783794888 0.4931363636363636
0.2079053332237653 0.4965909090909091 0.1436436847727833 0.4610227272727273
0.3496589695126962 0.26954545454545453 0.2847399128934177 0.2515909090909091
0.3496589695126962 0.38136363636363635 0.2847399128934177 0.3634090909090909
0.3496589695126962 0.28840909090909095 0.2847399128934177 0.2704545454545455
0.8169940011504643 0.3538636363636364 0.7652231078971157 0.3395454545454546
0.6002958336757335 0.28840909090909095 0.5353767770564549 0.2704545454545455
0.6762264771139781 0.8835 0.5995562494863999 0.8614545454545455
0.6541211274550086 0.4066363636363637 0.610567836305366 0.39481818181818185
0.6329197140274468 0.3793181818181818 0.5901881830881749 0.3672727272727273
0.7305448270194758 0.44534090909090907 0.6656257704001972 0.4273863636363636
0.7305448270194758 0.3880681818181818 0.6656257704001972 0.37011363636363637
0.3656011175938861 0.33579545454545456 0.3138302243405374 0.3214772727272728
0.82997781247432 0.48624999999999996 0.7650587558550415 0.4682954545454545
0.898266085956118 0.7041136363636364 0.7650587558550415 0.6856818181818182
0.3264853315802449 0.49670454545454545 0.2621415071082258 0.4765454545454545
0.2079053332237653 0.813409090909091 0.1436436847727833 0.7778409090909091
0.5629057441038705 0.9652272727272727 0.5029172487468156 0.9486363636363636
0.6664475306105678 0.9652272727272727 0.6064590352535131 0.9486363636363636
0.710822581970581 0.9229545454545455 0.6508340866135262 0.9063636363636364
0.49880844769496263 0.928409090909091 0.4388199523379078 0.9118181818181819
0.9080450324595283 0.6780681818181817 0.8431259758402498 0.6601136363636364
0.41498890623716 0.9734090909090909 0.3550004108801052 0.9568181818181818
0.668008875010272 0.6116136363636364 0.5918317035089161 0.5873409090909091
0.7102473498233216 0.6217954545454545 0.5979127290656586 0.6051818181818182
0.7146848549593229 0.62275 0.6320979538170762 0.6116363636363636
0.6687484591996056 0.6120227272727272 0.5883803106253596 0.5863863636363637
0.721505464705399 0.6778409090909091 0.6650505382529378 0.6622272727272727
