0.9282856904742062 0.3714675501851491 0.9217018084840404 0.29448450594426034
0.8524043670305859 0.8468134866497758 0.8440870072506043 0.7546287273435978
0.8794899574964581 0.2652504385110115 0.8649887490624218 0.18037419606314553
0.8755312942745229 0.1492886376924576 0.868947412284357 0.07230559345156895
0.8991165930494208 0.2652504385110115 0.8925327110592549 0.18826739427012273
0.9282856904742062 0.2652504385110115 0.9217018084840404 0.18826739427012273
0.2858988249020752 0.3714675501851491 0.27931494291190934 0.29448450594426034
0.1867405617134761 0.39319820697719743 0.18074006167180598 0.32303644513740015
0.023376948079006584 0.3714675501851491 0.016793066088840736 0.29448450594426034
0.08171514292857739 0.3714675501851491 0.07513126093841153 0.29448450594426034
0.20945078756563046 0.39319820697719743 0.20345028752396033 0.32303644513740015
0.19780815067922328 0.3647437146755018 0.19180765063755312 0.29458195283570454
0.3029419118259855 0.23543168972909767 0.29719143261938497 0.10095497953615284
0.14005333777814818 0.3714675501851491 0.13346945578798233 0.29448450594426034
0.22697724810400866 0.3647437146755018 0.22097674806233852 0.29458195283570454
0.05254604550379198 0.3714675501851491 0.045962163513626135 0.29448450594426034
0.9769147428952413 0.3014032352367959 0.9724977081423452 0.2507308516858312
0.9853321110092508 0.3014032352367959 0.9809150762563547 0.2507308516858312
0.1692224352029336 0.3714675501851491 0.16263855321276774 0.29448450594426034
0.9769147428952413 0.3868641590333268 0.9724977081423452 0.3361917754823621
0.29612467705642137 0.6277528746832977 0.29012417701475124 0.5575911128435003
0.9853321110092508 0.3868641590333268 0.9809150762563547 0.3361917754823621
0.3029419118259855 0.5106217111674138 0.29719143261938497 0.3761450009744689
0.9950829235769647 0.5663613330734749 0.9894991249270773 0.5010719158058858
0.25531294274522875 0.3647437146755018 0.24931244270355862 0.29458195283570454
0.006833902825235437 0.23601637107776263 0.0010834236186348862 0.1015396608848178
0.11088424035336278 0.3714675501851491 0.10430035836319693 0.29448450594426034
0.868997416451371 0.8616254141492886 0.8637469789149096 0.800233872539466
0.31694307858988247 0.06743324887936075 0.3054421201766814 0.00019489378288828352
0.368947412284357 0.06743324887936075 0.3574464538711559 0.00019489378288828352
0.4780815067922327 0.2652504385110115 0.47149762480206686 0.18826739427012273
0.3771980998416535 0.2365036055349834 0.37144762063505293 0.10202689534203857
0.4489124093674473 0.2652504385110115 0.44232852737728146 0.18826739427012273
0.4197433119426619 0.2652504385110115 0.41315942995249605 0.18826739427012273
0.3905742145178765 0.2652504385110115 0.38399033252771064 0.18826739427012273
0.4197433119426619 0.3714675501851491 0.41315942995249605 0.29448450594426034
0.4489124093674473 0.3714675501851491 0.44232852737728146 0.29448450594426034
0.4780815067922327 0.3714675501851491 0.47149762480206686 0.29448450594426034
0.8600883406950579 0.7388423309296434 0.8539544962080173 0.6582537517053206
0.5072506042170181 0.3714675501851491 0.5006667222268523 0.29448450594426034
0.5072506042170181 0.2652504385110115 0.5006667222268523 0.18826739427012273
0.5655887990665889 0.2652504385110115 0.5590049170764231 0.18826739427012273
0.37711475956329693 0.5113038394075229 0.3713642803566964 0.37682712921457806
0.5655887990665889 0.3714675501851491 0.5590049170764231 0.29448450594426034
0.5947578964913742 0.2652504385110115 0.5881740145012084 0.18826739427012273
0.5947578964913742 0.3714675501851491 0.5881740145012084 0.29448450594426034
0.6239269939161597 0.2652504385110115 0.6173431119259938 0.18826739427012273
0.6239269939161597 0.3714675501851491 0.6173431119259938 0.29448450594426034
0.653096091340945 0.2652504385110115 0.6465122093507792 0.18826739427012273
0.653096091340945 0.3714675501851491 0.6465122093507792 0.29448450594426034
0.6822651887657305 0.3714675501851491 0.6756813067755646 0.29448450594426034
0.6822651887657305 0.2652504385110115 0.6756813067755646 0.18826739427012273
0.7406033836153013 0.3714675501851491 0.7340195016251354 0.29448450594426034
0.7406033836153013 0.2652504385110115 0.7340195016251354 0.18826739427012273
0.7989415784648721 0.3714675501851491 0.7923576964747062 0.29448450594426034
0.7989415784648721 0.2652504385110115 0.7923576964747062 0.18826739427012273
0.8368614051170931 0.2652504385110115 0.8302775231269273 0.18826739427012273
0.9363280273356113 0.23601637107776263 0.9305775481290107 0.1015396608848178
0.82252687723977 0.1492886376924576 0.8159429952496041 0.07230559345156895
0.7697724810400867 0.2652504385110115 0.7631885990499209 0.18826739427012273
0.7114342861905159 0.2652504385110115 0.7048504042003501 0.18826739427012273
0.5364197016418035 0.2652504385110115 0.5298358196516376 0.18826739427012273
0.5364197016418035 0.3714675501851491 0.5298358196516376 0.29448450594426034
0.7114342861905159 0.3714675501851491 0.7048504042003501 0.29448450594426034
0.7697724810400867 0.3714675501851491 0.7631885990499209 0.29448450594426034
0.8991165930494208 0.3714675501851491 0.8925327110592549 0.29448450594426034
