0.6525369978858351 0.6692045454545454 0.5747357293868922 0.6885454545454546
0.6347780126849895 0.5786363636363636 0.5512684989429175 0.5965909090909091
0.5079281183932347 0.7088636363636364 0.42441860465116277 0.7268181818181818
0.7623678646934461 0.6845454545454546 0.7073995771670191 0.696590909090909
0.18128964059196617 0.735909090909091 0.09778012684989429 0.7538636363636364
0.8535940803382663 0.735909090909091 0.7700845665961945 0.7538636363636364
0.8911205073995772 0.13727272727272727 0.7315010570824524 0.15443181818181817
0.7906976744186046 0.011772727272727273 0.7071881606765328 0.029727272727272727
0.6754756871035941 0.011772727272727273 0.5919661733615222 0.029727272727272727
1.0 0.7156818181818182 0.927061310782241 0.7470454545454546
0.7906976744186046 0.6017045454545454 0.7071881606765328 0.6196590909090909
0.8847780126849895 0.5639545454545455 0.7389006342494715 0.5796363636363636
0.17494714587737845 0.7088636363636364 0.09143763213530655 0.7268181818181818
0.6753699788583509 0.14454545454545453 0.6204016913319239 0.1565909090909091
