0.9282856904742062 0.6285324498148509 0.9217018084840404 0.7055154940557397
0.8524043670305859 0.15318651335022412 0.8440870072506043 0.24537127265640227
0.8794899574964581 0.7347495614889885 0.8649887490624218 0.8196258039368545
0.8755312942745229 0.8507113623075424 0.868947412284357 0.927694406548431
0.8991165930494208 0.7347495614889885 0.8925327110592549 0.8117326057298773
0.9282856904742062 0.7347495614889885 0.9217018084840404 0.8117326057298773
0.2858988249020752 0.6285324498148509 0.27931494291190934 0.7055154940557397
0.1867405617134761 0.6068017930228026 0.18074006167180598 0.6769635548625998
0.023376948079006584 0.6285324498148509 0.016793066088840736 0.7055154940557397
0.08171514292857739 0.6285324498148509 0.07513126093841153 0.7055154940557397
0.20945078756563046 0.6068017930228026 0.20345028752396033 0.6769635548625998
0.19780815067922328 0.6352562853244982 0.19180765063755312 0.7054180471642955
0.3029419118259855 0.7645683102709023 0.29719143261938497 0.8990450204638472
0.14005333777814818 0.6285324498148509 0.13346945578798233 0.7055154940557397
0.22697724810400866 0.6352562853244982 0.22097674806233852 0.7054180471642955
0.05254604550379198 0.6285324498148509 0.045962163513626135 0.7055154940557397
0.9769147428952413 0.6985967647632041 0.9724977081423452 0.7492691483141688
0.9853321110092508 0.6985967647632041 0.9809150762563547 0.7492691483141688
0.1692224352029336 0.6285324498148509 0.16263855321276774 0.7055154940557397
0.9769147428952413 0.6131358409666732 0.9724977081423452 0.6638082245176379
0.29612467705642137 0.3722471253167024 0.29012417701475124 0.44240888715649973
0.9853321110092508 0.6131358409666732 0.9809150762563547 0.6638082245176379
0.3029419118259855 0.4893782888325862 0.29719143261938497 0.6238549990255311
0.9950829235769647 0.43363866692652503 0.9894991249270773 0.4989280841941142
0.25531294274522875 0.6352562853244982 0.24931244270355862 0.7054180471642955
0.006833902825235437 0.7639836289222374 0.0010834236186348862 0.8984603391151822
0.11088424035336278 0.6285324498148509 0.10430035836319693 0.7055154940557397
0.868997416451371 0.13837458585071136 0.8637469789149096 0.19976612746053402
0.31694307858988247 0.9325667511206392 0.3054421201766814 0.9998051062171117
0.368947412284357 0.9325667511206392 0.3574464538711559 0.9998051062171117
0.4780815067922327 0.7347495614889885 0.47149762480206686 0.8117326057298773
0.3771980998416535 0.7634963944650166 0.37144762063505293 0.8979731046579614
0.4489124093674473 0.7347495614889885 0.44232852737728146 0.8117326057298773
0.4197433119426619 0.7347495614889885 0.41315942995249605 0.8117326057298773
0.3905742145178765 0.7347495614889885 0.38399033252771064 0.8117326057298773
0.4197433119426619 0.6285324498148509 0.41315942995249605 0.7055154940557397
0.4489124093674473 0.6285324498148509 0.44232852737728146 0.7055154940557397
0.4780815067922327 0.6285324498148509 0.47149762480206686 0.7055154940557397
0.8600883406950579 0.26115766907035665 0.8539544962080173 0.3417462482946794
0.5072506042170181 0.6285324498148509 0.5006667222268523 0.7055154940557397
0.5072506042170181 0.7347495614889885 0.5006667222268523 0.8117326057298773
0.5655887990665889 0.7347495614889885 0.5590049170764231 0.8117326057298773
0.37711475956329693 0.4886961605924771 0.3713642803566964 0.6231728707854219
0.5655887990665889 0.6285324498148509 0.5590049170764231 0.7055154940557397
0.5947578964913742 0.7347495614889885 0.5881740145012084 0.8117326057298773
0.5947578964913742 0.6285324498148509 0.5881740145012084 0.7055154940557397
0.6239269939161597 0.7347495614889885 0.6173431119259938 0.8117326057298773
0.6239269939161597 0.6285324498148509 0.6173431119259938 0.7055154940557397
0.653096091340945 0.7347495614889885 0.6465122093507792 0.8117326057298773
0.653096091340945 0.6285324498148509 0.6465122093507792 0.7055154940557397
0.6822651887657305 0.6285324498148509 0.6756813067755646 0.7055154940557397
0.6822651887657305 0.7347495614889885 0.6756813067755646 0.8117326057298773
0.7406033836153013 0.6285324498148509 0.7340195016251354 0.7055154940557397
0.7406033836153013 0.7347495614889885 0.7340195016251354 0.8117326057298773
0.7989415784648721 0.6285324498148509 0.7923576964747062 0.7055154940557397
0.7989415784648721 0.7347495614889885 0.7923576964747062 0.8117326057298773
0.8368614051170931 0.7347495614889885 0.8302775231269273 0.8117326057298773
0.9363280273356113 0.7639836289222374 0.9305775481290107 0.8984603391151822
0.82252687723977 0.8507113623075424 0.8159429952496041 0.927694406548431
0.7697724810400867 0.7347495614889885 0.7631885990499209 0.8117326057298773
0.7114342861905159 0.7347495614889885 0.7048504042003501 0.8117326057298773
0.5364197016418035 0.7347495614889885 0.5298358196516376 0.8117326057298773
0.5364197016418035 0.6285324498148509 0.5298358196516376 0.7055154940557397
0.7114342861905159 0.6285324498148509 0.7048504042003501 0.7055154940557397
0.7697724810400867 0.6285324498148509 0.7631885990499209 0.7055154940557397
0.8991165930494208 0.6285324498148509 0.8925327110592549 0.7055154940557397
