0.8783143939393939 0.5093437152391547 0.8612689393939394 0.589432703003337
0.9623579545454546 0.5093437152391547 0.9453125 0.589432703003337
0.056107954545454544 0.6362625139043382 0.03740530303030303 0.7241379310344828
0.22088068181818182 0.6362625139043382 0.2021780303030303 0.7241379310344828
0.3856534090909091 0.6362625139043382 0.36695075757575757 0.7241379310344828
0.5504261363636364 0.6362625139043382 0.5317234848484849 0.7241379310344828
0.7151988636363636 0.6362625139043382 0.6964962121212122 0.7241379310344828
0.8799715909090909 0.6362625139043382 0.8612689393939394 0.7241379310344828
0.9623579545454546 0.6362625139043382 0.943655303030303 0.7241379310344828
0.7975852272727273 0.6362625139043382 0.7788825757575758 0.7241379310344828
0.4680397727272727 0.6362625139043382 0.4493371212121212 0.7241379310344828
0.13849431818181818 0.6362625139043382 0.11979166666666667 0.7241379310344828
0.30326704545454547 0.6362625139043382 0.2845643939393939 0.7241379310344828
0.9952651515151515 0.7697441601779755 0.9773910984848485 0.9377085650723026
0.054450757575757576 0.5093437152391547 0.03740530303030303 0.589432703003337
0.13849431818181818 0.5093437152391547 0.12144886363636363 0.589432703003337
0.21922348484848486 0.5093437152391547 0.2021780303030303 0.589432703003337
0.30326704545454547 0.5093437152391547 0.2862215909090909 0.589432703003337
0.3839962121212121 0.5093437152391547 0.36695075757575757 0.589432703003337
0.4680397727272727 0.5093437152391547 0.4509943181818182 0.589432703003337
0.7135416666666666 0.5093437152391547 0.6964962121212122 0.589432703003337
0.7975852272727273 0.5093437152391547 0.7805397727272727 0.589432703003337
