0.7051354895104895 0.6230618428087684 0.6894012237762238 0.5589021564783461
0.2785620629370629 0.4987524505435751 0.26136363636363635 0.3579575833184816
0.20257867132867133 0.4987524505435751 0.1854020979020979 0.3579575833184816
0.35467657342657344 0.4987524505435751 0.3375 0.3579575833184816
0.430659965034965 0.4987524505435751 0.41346153846153844 0.3579575833184816
0.5067744755244755 0.4987524505435751 0.4895979020979021 0.3579575833184816
0.1553758741258741 0.38870076635180895 0.13887674825174826 0.2541436464088398
0.1265297202797203 0.5009802174300482 0.10926573426573427 0.43058278381750137
0.7349213286713286 0.5009802174300482 0.7176573426573427 0.43058278381750137
0.5827578671328671 0.4987524505435751 0.5655594405594405 0.3579575833184816
0.8870192307692307 0.5009802174300482 0.8697552447552448 0.43058278381750137
0.9630681818181818 0.5009802174300482 0.9458041958041958 0.43058278381750137
0.8109702797202797 0.5009802174300482 0.7937062937062938 0.43058278381750137
0.6588723776223776 0.5009802174300482 0.6416083916083916 0.43058278381750137
0.9912587412587412 0.38870076635180895 0.9747596153846154 0.2541436464088398
0.08063811188811189 0.38870076635180895 0.06413898601398602 0.2541436464088398
0.13439685314685315 0.21760826947068257 0.10139860139860139 0.150329709499198
0.3248907342657343 0.5802887185884869 0.30915646853146855 0.5161290322580645
