0.5643958868894602 0.8421732770985103 0.5181233933161954 0.8523977903690765
0.5263496143958869 0.6720487368465897 0.4755784061696658 0.6832673000184609
0.672879177377892 0.0 0.5758354755784062 0.010721538221218706
0.6805912596401028 0.02179809426433207 0.6166452442159382 0.05005751288714694
0.5263496143958869 0.17786392876922422 0.4755784061696658 0.18908249194109544
0.5263496143958869 0.2767008903846973 0.4755784061696658 0.28791945355656856
0.5109254498714653 0.032434428208296055 0.47750642673521854 0.03981879890370497
0.1731362467866324 0.7928968034195316 0.1397172236503856 0.8002811741149406
0.5263496143958869 0.4743748136156435 0.4755784061696658 0.48559337678751474
0.5263496143958869 0.5732117752311165 0.4755784061696658 0.5844303384029879
0.12962724935732647 0.7928968034195316 0.09620822622107969 0.8002811741149406
0.15777634961439588 0.7785398827021116 0.11150385604113111 0.7887643959726778
0.6690231362467867 0.7179170394353797 0.5719794344473008 0.7286385776565983
0.15777634961439588 0.7368323889859271 0.11150385604113111 0.7470569022564932
0.16002570694087404 0.7947428960933839 0.10925449871465295 0.8059614592652551
0.4273778920308483 0.014981752083954615 0.37660668380462725 0.02620031525582584
0.16002570694087404 0.8356409491756486 0.10925449871465295 0.8468595123475199
0.49646529562982006 0.8627927121941521 0.45019280205655526 0.8730172254647184
0.42859897172236505 0.8697226600775358 0.38232647814910026 0.8799471733481021
0.4787917737789203 0.878882119882418 0.44280205655526994 0.8868345190928585
0.6510282776349614 0.878882119882418 0.6150385604113111 0.8868345190928585
0.5649100257069408 0.878882119882418 0.5289203084832905 0.8868345190928585
0.2410025706940874 0.810221673127991 0.19248071979434447 0.8316647495704285
0.6690231362467867 0.11055254973799684 0.5719794344473008 0.12127408795921556
0.4987146529562982 0.8374870418495008 0.44794344473007713 0.848705605021372
0.5263496143958869 0.0798790099262983 0.477827763496144 0.10132208636873571
