0.5989613761765661 0.32705952330373456 0.5476793248945148 0.31587146478593986
0.5710483609217787 0.16207106541473704 0.5197663096397274 0.15088300689694245
0.6373904576436222 0.1573975726161646 0.5906523855890945 0.1472008610556429
0.5687763713080168 0.1366925833085496 0.5220382992534891 0.1264958717480279
0.5989613761765661 0.8199005820622849 0.5476793248945148 0.8087125235444903
0.7469652710159039 0.2813159422752829 0.6489451476793249 0.27062355723612463
0.46394027913015257 0.1195847672458965 0.4275884453099643 0.11165399158771294
0.5509250243427458 0.1195847672458965 0.5145731905225576 0.11165399158771294
0.1219733852645245 0.9496254124711447 0.08821811100292112 0.9422611207885457
0.6379097695553392 0.1195847672458965 0.6015579357351509 0.11165399158771294
0.3107432651736449 0.189262296242795 0.2617332035053554 0.1678775261644786
0.49899383317104834 0.982339862061152 0.4477117818889971 0.9711518035433573
0.2266796494644596 0.26245202588831773 0.17994157740993183 0.2522553143277959
0.7248945147679325 0.1195847672458965 0.6885426809477443 0.11165399158771294
0.5833820188250568 0.964934641911317 0.5496267445634534 0.957570350228718
0.7469652710159039 0.9971392559232981 0.6489451476793249 0.9864468708841398
0.24219409282700421 0.20654005749812354 0.20843881856540084 0.19917576581552454
0.16046738072054528 0.13842035943408248 0.09587796170074651 0.11023778164875164
0.19824732229795522 0.20654005749812354 0.16449204803635184 0.19917576581552454
0.22895163907822136 0.20469898457747382 0.17766958779617006 0.19351092605967912
0.5989613761765661 0.7213323703105748 0.5476793248945148 0.7101443117927801
0.5989613761765661 0.5241959468071546 0.5476793248945148 0.5130078882893601
0.5989613761765661 0.4256277350554446 0.5476793248945148 0.4144396765376499
