0.9184043517679057 0.036178324126663 0.8676337262012692 0.027464405197230257
0.7969174977334542 0.036178324126663 0.7461468721668177 0.027464405197230257
0.742520398912058 0.2637516533105112 0.670897552130553 0.25145880339220417
0.742520398912058 0.37205321714774764 0.670897552130553 0.3597603672294406
0.742520398912058 0.4803547809849841 0.670897552130553 0.46806193106667704
0.22257479601087943 0.14706294250369567 0.157298277425204 0.13585933245156778
0.742520398912058 0.696957908659457 0.670897552130553 0.6846650587411499
0.22257479601087943 0.1927643351746674 0.157298277425204 0.1815607251225395
0.742520398912058 0.8052594724966934 0.670897552130553 0.7929666225783863
0.2257479601087942 0.12930833268497632 0.1541251133272892 0.11701548276666929
0.2257479601087942 0.08262662413444333 0.1541251133272892 0.07033377421613629
0.1828649138712602 0.13133120672216603 0.1357207615593835 0.12323971057340699
0.6029011786038078 0.9837392048548977 0.5312783318223028 0.9714463549365907
0.5539437896645513 0.036178324126663 0.5031731640979148 0.027464405197230257
0.9492293744333635 0.21349101377110402 0.8123300090661831 0.20174278378588661
0.3399818676337262 0.11234731191161595 0.271532184950136 0.08885085194118103
0.7003626473254759 0.054586477865089855 0.6350861287398005 0.04338286781296197
0.7035358114233907 0.08433828678129618 0.6319129646418857 0.07204543686298914
0.6754306436990027 0.036178324126663 0.6246600181323663 0.027464405197230257
0.7961922030825023 0.07733603049871629 0.7309156844968269 0.06613242044658829
0.9492293744333635 1.0 0.8123300090661831 0.9882517700147826
0.7207615593834995 0.964615264918696 0.6736174070716229 0.9565237687699369
