1.0 0.7538461538461538 0.9228682170542636 0.7101098901098901
0.47093023255813954 0.06549450549450553 0.3937984496124031 0.021758241758241703
0.6197674418604651 0.10032967032967033 0.5027131782945736 0.08373626373626375
0.07713178294573643 0.06549450549450553 0.0 0.021758241758241703
0.5662790697674419 0.7934065934065935 0.5050387596899225 0.776043956043956
0.47093023255813954 0.7487912087912088 0.40968992248062014 0.7314285714285714
0.8864341085271318 0.62989010989011 0.8437984496124031 0.6178021978021978
0.7127906976744186 0.9004395604395604 0.6515503875968992 0.8830769230769231
0.7127906976744186 0.7643956043956044 0.6515503875968992 0.747032967032967
0.7034883720930233 0.8263736263736263 0.6515503875968992 0.8116483516483517
0.8369767441860465 0.8263736263736263 0.7881395348837209 0.8125274725274725
0.7189922480620154 0.8036923076923077 0.67015503875969 0.7898461538461539
0.8864341085271318 0.8762197802197802 0.8375968992248062 0.8623736263736264
0.6197674418604651 0.8493406593406594 0.5027131782945736 0.8327472527472528
0.6197674418604651 0.45890109890109887 0.5027131782945736 0.4423076923076923
0.7220930232558139 0.6652747252747253 0.6608527131782945 0.6479120879120879
0.3686046511627907 0.774945054945055 0.30736434108527133 0.7575824175824176
0.6166666666666667 0.9241758241758242 0.4996124031007752 0.9075824175824176
