0.742520398912058 0.3748824082784572 0.670897552130553 0.3624960802759486
0.43245693563009974 0.03645343367826903 0.38168631006346326 0.027673251803073118
0.9184043517679057 0.03645343367826903 0.8676337262012692 0.027673251803073118
0.6409791477787852 0.889134524929445 0.5689936536718042 0.8766854813421135
0.8186763372620127 0.8113828786453434 0.7470534904805077 0.7989965506428347
0.09446962828649139 0.14518657886484787 0.029193109700815956 0.13389777359673882
0.6046237533998187 0.05126999059266224 0.5393472348141433 0.03998118532455319
0.2257479601087942 0.08322358105989336 0.16047144152311876 0.07193477579178431
0.6409791477787852 0.8451865788648479 0.5689936536718042 0.8327375352775165
0.22257479601087943 0.19423016619629974 0.157298277425204 0.1829413609281907
0.6029011786038078 0.991219818124804 0.5312783318223028 0.9788334901222954
0.2257479601087942 0.12920978363123237 0.16047144152311876 0.11792097836312321
0.7961922030825023 0.05126999059266224 0.7309156844968269 0.03998118532455319
0.9084315503173164 0.9949827532141737 0.771532184950136 0.9831451865788648
0.7207615593834995 0.97195045468799 0.6736174070716229 0.9637974286610222
0.17969174977334543 0.11335841956726245 0.1325475974614687 0.10520539354029479
0.17969174977334543 0.09595484477892757 0.1325475974614687 0.08780181875195991
0.742520398912058 0.7022577610536218 0.670897552130553 0.6898714330511132
0.6754306436990027 0.03645343367826903 0.6246600181323663 0.027673251803073118
0.5539437896645513 0.03645343367826903 0.5031731640979148 0.027673251803073118
0.9492293744333635 0.2151144559423016 0.8123300090661831 0.20327688930699284
0.7969174977334542 0.03645343367826903 0.7461468721668177 0.027673251803073118
0.7961922030825023 0.07792411414236433 0.7309156844968269 0.06663530887425528
0.7035358114233907 0.08497961743493254 0.6319129646418857 0.07259328943242394
0.3399818676337262 0.11320163060520538 0.26835902085222124 0.10081530260269678
0.742520398912058 0.2657572906867357 0.670897552130553 0.253370962684227
0.742520398912058 0.4840075258701787 0.670897552130553 0.4716211978676701
