1.0 0.24615384615384617 0.9228682170542636 0.2898901098901099
0.47093023255813954 0.9345054945054945 0.3937984496124031 0.9782417582417583
0.6197674418604651 0.8996703296703297 0.5027131782945736 0.9162637362637363
0.07713178294573643 0.9345054945054945 0.0 0.9782417582417583
0.5662790697674419 0.20659340659340658 0.5050387596899225 0.22395604395604396
0.47093023255813954 0.2512087912087912 0.40968992248062014 0.26857142857142857
0.8864341085271318 0.3701098901098901 0.8437984496124031 0.3821978021978022
0.7127906976744186 0.09956043956043956 0.6515503875968992 0.11692307692307692
0.7127906976744186 0.2356043956043956 0.6515503875968992 0.252967032967033
0.7034883720930233 0.17362637362637362 0.6515503875968992 0.18835164835164836
0.8369767441860465 0.17362637362637362 0.7881395348837209 0.18747252747252746
0.7189922480620154 0.1963076923076923 0.67015503875969 0.21015384615384616
0.8864341085271318 0.12378021978021977 0.8375968992248062 0.13762637362637362
0.6197674418604651 0.15065934065934067 0.5027131782945736 0.16725274725274725
0.6197674418604651 0.5410989010989011 0.5027131782945736 0.5576923076923077
0.7220930232558139 0.33472527472527475 0.6608527131782945 0.35208791208791207
0.3686046511627907 0.22505494505494505 0.30736434108527133 0.2424175824175824
0.6166666666666667 0.07582417582417582 0.4996124031007752 0.09241758241758241
