0.6068714899240172 0.9413361661945231 0.5633740777447418 0.9226864966949953
0.5000550600154168 0.05594900849858353 0.4565576478361414 0.03729933899905569
0.32221121021913884 0.05594900849858353 0.27871379803986346 0.03729933899905569
0.6068714899240172 0.1383380547686497 0.5633740777447418 0.11968838526912184
0.7984803435744962 0.6312559017941455 0.7549829313952208 0.6126062322946175
0.7984803435744962 0.6935788479697829 0.7549829313952208 0.6749291784702549
0.7984803435744962 0.7289896128423041 0.7549829313952208 0.7103399433427762
0.6096244906948574 0.01971199244570354 0.5264838674154829 0.0018885741265344258
0.7984803435744962 0.8715769593956563 0.7549829313952208 0.8529272898961284
0.6068714899240172 0.3026440037771483 0.5633740777447418 0.28399433427762044
0.6068714899240172 0.4669499527856469 0.5633740777447418 0.44830028328611893
0.5518114745072129 0.7051463644948064 0.5116176632529457 0.6879131255901794
0.5958594868406563 0.6322237960339943 0.56667767866975 0.6199480642115203
0.5253826671071468 0.6322237960339943 0.4962008589362405 0.6199480642115203
0.45490584737363726 0.6322237960339943 0.425724039202731 0.6199480642115203
0.38442902764012776 0.8703493862134088 0.35524721946922144 0.8580736543909349
0.45490584737363726 0.705099150141643 0.425724039202731 0.692823418319169
0.38442902764012776 0.7974740321057602 0.35524721946922144 0.7851983002832861
0.38442902764012776 0.6322237960339943 0.35524721946922144 0.6199480642115203
0.45490584737363726 0.8703493862134088 0.425724039202731 0.8580736543909349
0.38442902764012776 0.705099150141643 0.35524721946922144 0.692823418319169
0.45490584737363726 0.7974740321057602 0.425724039202731 0.7851983002832861
0.5253826671071468 0.7974740321057602 0.4962008589362405 0.7851983002832861
0.5958594868406563 0.7974740321057602 0.56667767866975 0.7851983002832861
0.5518114745072129 0.8703966005665722 0.5116176632529457 0.8531633616619452
0.6068714899240172 0.859537299338999 0.5633740777447418 0.8408876298394712
0.6068714899240172 0.6952313503305005 0.5633740777447418 0.6765816808309726
0.7984803435744962 0.5491029272898962 0.7549829313952208 0.5304532577903682
0.7984803435744962 0.4669499527856469 0.7549829313952208 0.44830028328611893
0.7984803435744962 0.3026440037771483 0.7549829313952208 0.28399433427762044
0.7984803435744962 0.1383380547686497 0.7549829313952208 0.11968838526912184
0.7324083250743311 0.5997403210576016 0.6492677017949565 0.5819169027384326
0.7324083250743311 0.9981114258734656 0.6492677017949565 0.9802880075542965
