0.9664948453608248 0.12060065696855936 0.9095074455899198 0.167292351008916
0.11683848797250859 0.9174096668230878 0.05784650630011455 0.9415767245424683
0.7216494845360825 0.10516189582355702 0.6351660939289805 0.12287658376349132
0.7216494845360825 0.007508212106992022 0.6351660939289805 0.025222900046926327
0.5910652920962199 0.06440638198029094 0.5458190148911798 0.0829422806194275
0.5910652920962199 0.20929141248240263 0.5458190148911798 0.22782731112153917
0.5910652920962199 0.3725950258094791 0.5458190148911798 0.3911309244486157
0.5910652920962199 0.5358986391365556 0.5458190148911798 0.5544345377756922
0.5910652920962199 0.6992022524636321 0.5458190148911798 0.7177381511027686
0.6197021764032073 0.9804082590333177 0.5332187857961054 0.998122946973252
0.47995418098510884 0.9443923040825903 0.43470790378006874 0.9629282027217269
0.2949599083619702 0.9443923040825903 0.24971363115693013 0.9629282027217269
0.7903780068728522 0.9443923040825903 0.7451317296678122 0.9629282027217269
0.7422680412371134 0.837400281557954 0.6970217640320733 0.8559361801970906
0.7903780068728522 0.7808540591271703 0.7451317296678122 0.799389957766307
0.8155784650630011 0.6682778038479587 0.779495990836197 0.6830595964335993
0.838602520045819 0.7165649929610511 0.8088201603665521 0.7290004692632567
0.838602520045819 0.7503519474425152 0.8088201603665521 0.7627874237447207
0.838602520045819 0.8772876583763491 0.8088201603665521 0.8897231346785547
0.838602520045819 0.9110746128578132 0.8088201603665521 0.9235100891600188
0.5910652920962199 0.8625058657907085 0.5458190148911798 0.8810417644298452
0.7903780068728522 0.3725950258094791 0.7451317296678122 0.3911309244486157
0.7903780068728522 0.29094321914594085 0.7451317296678122 0.3094791177850774
0.7903780068728522 0.25129047395588927 0.7451317296678122 0.2698263725950258
0.8021191294387171 0.12060065696855936 0.7451317296678122 0.167292351008916
