0.11485451761102604 0.6878306878306878 0.10019689345876176 0.7489509213647144
0.1936119011157296 0.6878306878306878 0.17895427696346533 0.7489509213647144
0.18534237584773572 0.7977558839627805 0.17396630934150076 0.8461047254150702
0.21699846860643185 0.7069877759532932 0.2056224021001969 0.7553366174055829
0.21699846860643185 0.7977558839627805 0.2056224021001969 0.8461047254150702
0.18534237584773572 0.7069877759532932 0.17396630934150076 0.7553366174055829
0.05972434915773354 0.8958219303046889 0.0266900021877051 0.964696223316913
0.15685845548020128 0.6198686371100164 0.13695033909429008 0.6613756613756614
0.0320936337781667 0.4054916985951469 0.014876394661999562 0.5496259806604634
0.10822577116604681 0.4054916985951469 0.09100853204987967 0.5496259806604634
0.18435790855392692 0.4054916985951469 0.1671406694377598 0.5496259806604634
0.260490045941807 0.4054916985951469 0.2432728068256399 0.5496259806604634
0.7934150076569678 0.4054916985951469 0.7761977685408007 0.5496259806604634
0.869547145044848 0.4054916985951469 0.8523299059286809 0.5496259806604634
0.7172828702690878 0.4054916985951469 0.7000656311529205 0.5496259806604634
0.8984904834828266 0.6878306878306878 0.8654561365127981 0.7567049808429118
0.9168672063005907 0.50173326035395 0.9003500328155765 0.6394818463783981
0.8984904834828266 0.8958219303046889 0.8628308903959746 0.9701696770662288
0.5847079413695034 0.580642218573253 0.5674907022533362 0.7247765006385696
0.6608400787573835 0.580642218573253 0.6436228396412164 0.7247765006385696
0.8420476919711223 0.2992154716292647 0.8260774447604463 0.3658091589126072
0.43244366659374317 0.580642218573253 0.41522642747757604 0.7247765006385696
0.08090133450010939 0.3430031016237913 0.06652811201050099 0.40293742017879947
0.1570334718879895 0.3430031016237913 0.1426602493983811 0.40293742017879947
0.5085758039816233 0.580642218573253 0.49135856486545615 0.7247765006385696
0.7677313498140451 0.5949644225506294 0.751761102603369 0.6615581098339719
