0.8855501932609787 0.7089100346020761 0.8741947459218657 0.6859861591695502
0.8855501932609787 0.7603806228373702 0.8741947459218657 0.7374567474048443
0.9715458694560304 0.9556660899653979 0.9385713973751447 0.9230103806228374
0.8855501932609787 0.8096885813148789 0.8741947459218657 0.7867647058823529
0.8855501932609787 0.8589965397923875 0.8741947459218657 0.8360726643598616
0.8680365994802699 0.7504325259515571 0.8534055423317974 0.7214532871972319
0.8680365994802699 0.6924740484429066 0.8534055423317974 0.6634948096885813
0.9152053807350469 0.6429498269896194 0.898718144694604 0.5776384083044983
0.7357019631821458 0.6976643598615917 0.7184504181861857 0.6634948096885813
0.9715458694560304 0.986159169550173 0.9385713973751447 0.9535034602076125
0.5837136680278645 0.7028546712802768 0.5664621230319045 0.6686851211072664
0.3557312252964427 0.6509515570934257 0.3384796803004826 0.6167820069204153
0.4317253728735833 0.7028546712802768 0.4144738278776232 0.6686851211072664
0.12774878256502084 0.6976643598615917 0.11049723756906077 0.6634948096885813
0.10547463586137619 0.6301903114186851 0.0856026030179285 0.5908304498269896
0.12774878256502084 0.5523356401384083 0.11049723756906077 0.5181660899653979
0.4317253728735833 0.5523356401384083 0.4144738278776232 0.5181660899653979
0.26770467101958817 0.379757785467128 0.2563492236804752 0.3568339100346021
0.23125805254078136 0.5367647058823529 0.21531675146856508 0.5051903114186851
