0.9168672063005907 0.4739359158297465 0.9003500328155765 0.329507412721186
0.5086414351345439 0.39359158297465324 0.49135856486545615 0.3180296508847441
0.6609057099103041 0.39120038259206125 0.6437103478451105 0.24007651841224298
0.8827390067818858 0.27881396461023433 0.8680813826296215 0.2147297943567671
0.11485451761102604 0.27881396461023433 0.10019689345876176 0.2147297943567671
0.35637716035878364 0.39359158297465324 0.3390942900896959 0.3180296508847441
0.1936119011157296 0.27881396461023433 0.17895427696346533 0.2147297943567671
0.18534237584773572 0.163558106169297 0.17396630934150076 0.11286465805834534
0.21699846860643185 0.25872788139646097 0.2056224021001969 0.2080344332855093
0.21699846860643185 0.163558106169297 0.2056224021001969 0.11286465805834534
0.18534237584773572 0.25872788139646097 0.17396630934150076 0.2080344332855093
0.05972434915773354 0.0722142515542803 0.0266900021877051 0.0
0.15685845548020128 0.3500717360114778 0.13695033909429008 0.3065518890483022
0.0320936337781667 0.5748445719751315 0.014876394661999562 0.42372070779531323
0.43250929774666375 0.39359158297465324 0.41522642747757604 0.3180296508847441
0.10822577116604681 0.5748445719751315 0.09100853204987967 0.42372070779531323
0.584773572522424 0.39359158297465324 0.5674907022533362 0.3180296508847441
0.18435790855392692 0.5748445719751315 0.1671406694377598 0.42372070779531323
0.260490045941807 0.5748445719751315 0.2432728068256399 0.42372070779531323
0.869547145044848 0.5748445719751315 0.8523299059286809 0.42372070779531323
0.7172828702690878 0.5748445719751315 0.7000656311529205 0.42372070779531323
