0.9664948453608248 0.8793993430314406 0.9095074455899198 0.832707648991084
0.11683848797250859 0.08259033317691222 0.05784650630011455 0.058423275457531676
0.7216494845360825 0.8948381041764429 0.6351660939289805 0.8771234162365087
0.7216494845360825 0.992491787893008 0.6351660939289805 0.9747770999530737
0.5910652920962199 0.9355936180197091 0.5458190148911798 0.9170577193805725
0.5910652920962199 0.7907085875175974 0.5458190148911798 0.7721726888784608
0.5910652920962199 0.6274049741905209 0.5458190148911798 0.6088690755513844
0.5910652920962199 0.46410136086344445 0.5458190148911798 0.4455654622243078
0.5910652920962199 0.3007977475363679 0.5458190148911798 0.2822618488972314
0.6197021764032073 0.01959174096668226 0.5332187857961054 0.0018770530267480101
0.47995418098510884 0.05560769591740966 0.43470790378006874 0.037071797278273144
0.2949599083619702 0.05560769591740966 0.24971363115693013 0.037071797278273144
0.7903780068728522 0.05560769591740966 0.7451317296678122 0.037071797278273144
0.7422680412371134 0.16259971844204602 0.6970217640320733 0.1440638198029094
0.7903780068728522 0.21914594087282968 0.7451317296678122 0.20061004223369305
0.8155784650630011 0.33172219615204135 0.779495990836197 0.31694040356640074
0.838602520045819 0.28343500703894886 0.8088201603665521 0.2709995307367433
0.838602520045819 0.2496480525574848 0.8088201603665521 0.23721257625527925
0.838602520045819 0.12271234162365086 0.8088201603665521 0.11027686532144532
0.838602520045819 0.08892538714218678 0.8088201603665521 0.07648991083998125
0.5910652920962199 0.13749413420929146 0.5458190148911798 0.11895823557015484
0.7903780068728522 0.6274049741905209 0.7451317296678122 0.6088690755513844
0.7903780068728522 0.7090567808540591 0.7451317296678122 0.6905208822149226
0.7903780068728522 0.7487095260441108 0.7451317296678122 0.7301736274049742
0.8021191294387171 0.8793993430314406 0.7451317296678122 0.832707648991084
