0.46328195829555757 0.0954043048283886 0.3916591115140526 0.1137870855148342
0.41205802357207616 0.12058173356602676 0.35494106980961015 0.13524141942990112
0.29909338168631006 0.09284467713787085 0.24197642792384405 0.1075043630017452
0.14052583862194015 0.12500290866783012 0.08340888485947416 0.1396625945317045
0.2774252039891206 0.12500290866783012 0.22030825022665457 0.1396625945317045
0.28912058023572074 0.18708551483420593 0.23200362647325476 0.20174520069808027
0.46328195829555757 0.18336242001163466 0.3916591115140526 0.20174520069808027
0.7461468721668177 0.22408376963350785 0.6745240253853128 0.24246655031995346
0.6373526745240253 0.8769051774287376 0.5004533091568449 0.8944735311227457
0.25929283771532186 0.9824316463059919 0.12239347234814144 1.0
0.5902085222121487 0.040767888307155324 0.5330915684496826 0.05542757417102967
0.7438803263825929 0.05524141942990111 0.600634632819583 0.07353112274578243
0.7438803263825929 0.27979057591623036 0.600634632819583 0.29808027923211167
0.5371713508612874 0.05082024432809773 0.39392565729827744 0.06910994764397906
0.5371713508612874 0.2617801047120419 0.39392565729827744 0.28009307737056427
0.7438803263825929 0.09982547993019197 0.600634632819583 0.11813845258871437
0.7438803263825929 0.34275741710296687 0.600634632819583 0.36107038976148925
0.5371713508612874 0.34275741710296687 0.39392565729827744 0.36107038976148925
0.5371713508612874 0.4237347294938918 0.39392565729827744 0.4420477021524142
0.5371713508612874 0.5116928446771378 0.39392565729827744 0.5300058173356603
0.5371713508612874 0.5856893542757418 0.39392565729827744 0.6040023269342641
0.5371713508612874 0.6666666666666666 0.39392565729827744 0.684979639325189
0.5371713508612874 0.7476439790575916 0.39392565729827744 0.765956951716114
0.5371713508612874 0.8286212914485166 0.39392565729827744 0.846934264107039
0.7438803263825929 0.4237347294938918 0.600634632819583 0.4420477021524142
0.7438803263825929 0.5116928446771378 0.600634632819583 0.5300058173356603
0.7438803263825929 0.6666666666666666 0.600634632819583 0.684979639325189
0.7438803263825929 0.7476439790575916 0.600634632819583 0.765956951716114
0.7438803263825929 0.8286212914485166 0.600634632819583 0.846934264107039
0.7438803263825929 0.91239092495637 0.600634632819583 0.9307038976148924
