0.5955387895686404 0.6825484764542936 0.5707725110710186 0.7662049861495844
0.44874528456618007 0.6825484764542936 0.4239790060685583 0.7662049861495844
0.6909955715925865 0.3866481994459834 0.6673773987206824 0.4265373961218837
0.02476627849762178 0.6825484764542936 0.0 0.7662049861495844
0.3601771362965393 0.13407202216066483 0.3418074462850582 0.16509695290858725
0.6988354928653436 0.45263157894736844 0.6752173199934394 0.4925207756232687
0.46347383959324256 0.29301939058171744 0.43985566672133836 0.33290858725761774
0.6909955715925865 0.5186703601108034 0.6673773987206824 0.5585595567867035
0.5799901590946367 0.29301939058171744 0.5563719862227325 0.33290858725761774
0.35214039691651633 0.3866481994459834 0.3285222240446121 0.4265373961218837
0.3601771362965393 0.05595567867036011 0.3418074462850582 0.08698060941828255
0.3601771362965393 0.29030470914127426 0.3418074462850582 0.32132963988919666
0.12907987534853207 0.6560664819944598 0.10546170247662785 0.6959556786703601
0.35214039691651633 0.5186703601108034 0.3285222240446121 0.5585595567867035
0.3443332786616369 0.45263157894736844 0.32071510578973267 0.4925207756232687
0.6777103493521404 0.05595567867036011 0.6593406593406593 0.08698060941828255
0.6777103493521404 0.13407202216066483 0.6593406593406593 0.16509695290858725
0.6777103493521404 0.21218836565096952 0.6593406593406593 0.24321329639889197
0.6777103493521404 0.29030470914127426 0.6593406593406593 0.32132963988919666
0.9140560931605708 0.6560664819944598 0.8904379202886665 0.6959556786703601
0.9711333442676726 0.7418282548476455 0.9412825979990159 0.7922437673130194
0.3601771362965393 0.21218836565096952 0.3418074462850582 0.24321329639889197
