0.5275059061761728 0.1994071678792778 0.4724940938238272 0.1554836971166801
0.40195747553155586 0.3093505793586634 0.37647654404319947 0.2279708973322555
0.6235234559568006 0.3093505793586634 0.5980425244684442 0.2279708973322555
0.4424569692878839 0.4063594718404743 0.4117448531893351 0.35731608730800324
0.4424569692878839 0.9431420102398276 0.4117448531893351 0.8940986257073565
0.5882551468106648 0.4063594718404743 0.5575430307121161 0.35731608730800324
0.5882551468106648 0.9431420102398276 0.5575430307121161 0.8940986257073565
0.5275059061761728 0.335219617353813 0.4724940938238272 0.2912961465912153
0.9892001349983125 0.3093505793586634 0.9637192035099561 0.2279708973322555
0.5275059061761728 1.0 0.4724940938238272 0.9560765292374023
