0.6608400787573835 0.3785284590467376 0.6436228396412164 0.23229986117538182
0.7934150076569678 0.5562239703840814 0.7761977685408007 0.40999537251272555
0.9733099978122949 0.98149005090236 0.9402756508422665 0.9116149930587691
0.869547145044848 0.5562239703840814 0.8523299059286809 0.40999537251272555
0.5086414351345439 0.3054141601110597 0.49135856486545615 0.23229986117538182
0.7172828702690878 0.5562239703840814 0.7000656311529205 0.40999537251272555
0.8696127761977686 0.2697825080981028 0.8523299059286809 0.19666820916242478
0.5847079413695034 0.3785284590467376 0.5674907022533362 0.23229986117538182
0.9168672063005907 0.4585839888940305 0.9003500328155765 0.31883387320684864
0.43244366659374317 0.3785284590467376 0.41522642747757604 0.23229986117538182
0.11485451761102604 0.2697825080981028 0.10019689345876176 0.20777417862100878
0.1936119011157296 0.2697825080981028 0.17895427696346533 0.20777417862100878
0.18534237584773572 0.1582600647848218 0.17396630934150076 0.10920869967607594
0.21699846860643185 0.25034706154558073 0.2056224021001969 0.20129569643683476
0.21699846860643185 0.1582600647848218 0.2056224021001969 0.10920869967607594
0.18534237584773572 0.25034706154558073 0.17396630934150076 0.20129569643683476
0.05972434915773354 0.06987505784359094 0.0266900021877051 0.0
0.15685845548020128 0.3387320684868117 0.13695033909429008 0.29662193428968076
0.0320936337781667 0.5562239703840814 0.014876394661999562 0.40999537251272555
0.10822577116604681 0.5562239703840814 0.09100853204987967 0.40999537251272555
0.18435790855392692 0.5562239703840814 0.1671406694377598 0.40999537251272555
0.260490045941807 0.5562239703840814 0.2432728068256399 0.40999537251272555
