0.8855501932609787 0.29108996539792387 0.8741947459218657 0.3140138408304498
0.8855501932609787 0.23961937716262977 0.8741947459218657 0.2625432525951557
0.9715458694560304 0.044333910034602075 0.9385713973751447 0.07698961937716263
0.8855501932609787 0.1903114186851211 0.8741947459218657 0.21323529411764705
0.8855501932609787 0.14100346020761245 0.8741947459218657 0.16392733564013842
0.8680365994802699 0.2495674740484429 0.8534055423317974 0.27854671280276816
0.8680365994802699 0.30752595155709345 0.8534055423317974 0.3365051903114187
0.9152053807350469 0.3570501730103806 0.898718144694604 0.42236159169550175
0.7357019631821458 0.3023356401384083 0.7184504181861857 0.3365051903114187
0.9715458694560304 0.01384083044982699 0.9385713973751447 0.04649653979238754
0.5837136680278645 0.29714532871972316 0.5664621230319045 0.3313148788927336
0.3557312252964427 0.3490484429065744 0.3384796803004826 0.38321799307958476
0.4317253728735833 0.29714532871972316 0.4144738278776232 0.3313148788927336
0.12774878256502084 0.3023356401384083 0.11049723756906077 0.3365051903114187
0.10547463586137619 0.36980968858131485 0.0856026030179285 0.4091695501730104
0.12774878256502084 0.4476643598615917 0.11049723756906077 0.4818339100346021
0.4317253728735833 0.4476643598615917 0.4144738278776232 0.4818339100346021
0.26770467101958817 0.620242214532872 0.2563492236804752 0.6431660899653979
0.23125805254078136 0.4632352941176471 0.21531675146856508 0.49480968858131485
