0.7934150076569678 0.5945083014048531 0.7761977685408007 0.4503740193395366
0.35637716035878364 0.4216383871556285 0.3390942900896959 0.3495712461229703
0.869547145044848 0.5945083014048531 0.8523299059286809 0.4503740193395366
0.7172828702690878 0.5945083014048531 0.7000656311529205 0.4503740193395366
0.8984904834828266 0.3121693121693122 0.8654561365127981 0.24329501915708818
0.9168672063005907 0.49826673964604995 0.9003500328155765 0.3605181536216019
0.8984904834828266 0.10417806969531107 0.8628308903959746 0.02983032293377119
0.6609057099103041 0.41935778142674696 0.6437103478451105 0.2752234993614304
0.11485451761102604 0.3121693121693122 0.10019689345876176 0.2510490786352856
0.8051848610807263 0.4070425104907863 0.7894333843797856 0.33953658091589123
0.1936119011157296 0.3121693121693122 0.17895427696346533 0.2510490786352856
0.18534237584773572 0.20224411603721948 0.17396630934150076 0.1538952745849298
0.21699846860643185 0.2930122240467068 0.2056224021001969 0.2446633825944171
0.21699846860643185 0.20224411603721948 0.2056224021001969 0.1538952745849298
0.18534237584773572 0.2930122240467068 0.17396630934150076 0.2446633825944171
0.05972434915773354 0.11512497719394266 0.0266900021877051 0.046250684181718626
0.15685845548020128 0.3801313628899836 0.13695033909429008 0.3386243386243386
0.0320936337781667 0.5945083014048531 0.014876394661999562 0.4503740193395366
0.10822577116604681 0.5945083014048531 0.09100853204987967 0.4503740193395366
0.18435790855392692 0.5945083014048531 0.1671406694377598 0.4503740193395366
0.260490045941807 0.5945083014048531 0.2432728068256399 0.4503740193395366
