0.5275059061761728 0.8005928321207222 0.4724940938238272 0.8445163028833199
0.40195747553155586 0.6906494206413366 0.37647654404319947 0.7720291026677445
0.6235234559568006 0.6906494206413366 0.5980425244684442 0.7720291026677445
0.4424569692878839 0.5936405281595257 0.4117448531893351 0.6426839126919968
0.4424569692878839 0.05685798976017246 0.4117448531893351 0.1059013742926435
0.5882551468106648 0.5936405281595257 0.5575430307121161 0.6426839126919968
0.5882551468106648 0.05685798976017246 0.5575430307121161 0.1059013742926435
0.5275059061761728 0.664780382646187 0.4724940938238272 0.7087038534087847
0.9892001349983125 0.6906494206413366 0.9637192035099561 0.7720291026677445
0.5275059061761728 0.0 0.4724940938238272 0.043923470762597686
