0.8313404657016992 0.44804733727810653 0.7816236626809314 0.46674556213017754
0.62039018250472 0.25928994082840234 0.5585273757079925 0.28253254437869824
0.6198867212083071 0.44804733727810653 0.5701699181875394 0.46674556213017754
0.3606041535556954 0.3727810650887574 0.32599118942731276 0.3857988165680473
0.09848961611076149 0.4182721893491124 0.05884203901825047 0.43318343195266273
0.20453115166771554 0.4182721893491124 0.16488357457520453 0.43318343195266273
0.8313404657016992 0.016094674556213016 0.7816236626809314 0.03479289940828403
0.8237885462555066 0.17680473372781066 0.7740717432347388 0.19550295857988165
0.7256135934550031 0.4859171597633136 0.6758967904342353 0.5046153846153846
0.9647577092511013 0.05637869822485207 0.9251101321585903 0.07128994082840237
0.7784770295783512 0.12686390532544378 0.7287602265575834 0.1455621301775148
0.4159848961611076 0.09443786982248521 0.3662680931403398 0.11313609467455621
0.5431088735053493 0.16544378698224851 0.4933920704845815 0.18414201183431952
0.5745752045311516 0.11431952662721893 0.5248584015103839 0.13301775147928993
0.4424166142227816 0.0506508875739645 0.407803650094399 0.06366863905325444
0.9320327249842668 0.2889940828402367 0.8974197608558842 0.3020118343195266
0.8640654499685336 0.2889940828402367 0.8294524858401511 0.3020118343195266
0.8313404657016992 0.3514792899408284 0.7816236626809314 0.3701775147928994
