0.25929283771532186 0.9824316463059919 0.12239347234814144 1.0
0.6373526745240253 0.47062245491564864 0.5004533091568449 0.4881908086096568
0.7461468721668177 0.34275741710296687 0.6745240253853128 0.3611401977894125
0.6591115140525838 0.5116928446771378 0.5874886672710788 0.5300756253635834
0.10063463281958296 0.060732984293193716 0.02901178603807797 0.07911576497963932
0.46328195829555757 0.0954043048283886 0.3916591115140526 0.1137870855148342
0.41205802357207616 0.12058173356602676 0.35494106980961015 0.13524141942990112
0.46328195829555757 0.4237347294938918 0.3916591115140526 0.4421175101803374
0.14052583862194015 0.1956719022687609 0.08340888485947416 0.21033158813263525
0.2774252039891206 0.1956719022687609 0.22030825022665457 0.21033158813263525
0.46328195829555757 0.34275741710296687 0.3916591115140526 0.3611401977894125
0.29909338168631006 0.09284467713787085 0.24197642792384405 0.1075043630017452
0.6591115140525838 0.5856893542757418 0.5874886672710788 0.6040721349621874
0.14052583862194015 0.12500290866783012 0.08340888485947416 0.1396625945317045
0.2774252039891206 0.12500290866783012 0.22030825022665457 0.1396625945317045
0.41205802357207616 0.20009307737056428 0.35494106980961015 0.21475276323443862
0.29909338168631006 0.22780686445607912 0.24197642792384405 0.24246655031995346
0.46328195829555757 0.22408376963350785 0.3916591115140526 0.24246655031995346
0.7461468721668177 0.09889470622454916 0.6745240253853128 0.11727748691099477
0.7461468721668177 0.4237347294938918 0.6745240253853128 0.4421175101803374
0.7461468721668177 0.0356020942408377 0.6745240253853128 0.0539848749272833
0.7461468721668177 0.22408376963350785 0.6745240253853128 0.24246655031995346
0.6373526745240253 0.2520069808027923 0.5004533091568449 0.2695753344968005
0.6373526745240253 0.8769051774287376 0.5004533091568449 0.8944735311227457
