0.8313404657016992 0.5519526627218935 0.7816236626809314 0.5332544378698225
0.62039018250472 0.7407100591715976 0.5585273757079925 0.7174674556213018
0.6198867212083071 0.5519526627218935 0.5701699181875394 0.5332544378698225
0.3606041535556954 0.6272189349112426 0.32599118942731276 0.6142011834319527
0.09848961611076149 0.5817278106508876 0.05884203901825047 0.5668165680473373
0.20453115166771554 0.5817278106508876 0.16488357457520453 0.5668165680473373
0.8313404657016992 0.983905325443787 0.7816236626809314 0.965207100591716
0.8237885462555066 0.8231952662721893 0.7740717432347388 0.8044970414201184
0.7256135934550031 0.5140828402366864 0.6758967904342353 0.4953846153846154
0.9647577092511013 0.9436213017751479 0.9251101321585903 0.9287100591715977
0.7784770295783512 0.8731360946745562 0.7287602265575834 0.8544378698224853
0.4159848961611076 0.9055621301775147 0.3662680931403398 0.8868639053254438
0.5431088735053493 0.8345562130177515 0.4933920704845815 0.8158579881656804
0.5745752045311516 0.8856804733727811 0.5248584015103839 0.86698224852071
0.4424166142227816 0.9493491124260355 0.407803650094399 0.9363313609467455
0.9320327249842668 0.7110059171597634 0.8974197608558842 0.6979881656804734
0.8640654499685336 0.7110059171597634 0.8294524858401511 0.6979881656804734
0.8313404657016992 0.6485207100591717 0.7816236626809314 0.6298224852071006
