0.3173164097914778 0.9412320037762568 0.2456935630099728 0.9598772716544725
0.8087035358114234 0.9412320037762568 0.7370806890299184 0.9598772716544725
0.7325475974614687 0.8336086853906065 0.6609247506799637 0.8522539532688223
0.8087035358114234 0.776728817559594 0.7370806890299184 0.7953740854378097
0.8091568449682683 0.7314609393438753 0.7611060743427017 0.743733773896625
0.885040797824116 0.7460467311777201 0.8378966455122393 0.7585555817795611
0.885040797824116 0.9077177248052868 0.8378966455122393 0.9202265754071277
0.8087035358114234 0.36606089214066556 0.7370806890299184 0.3847061600188813
0.8087035358114234 0.28392730705687985 0.7370806890299184 0.3025725749350956
0.8087035358114234 0.2440405947604437 0.7370806890299184 0.26268586263865945
0.8087035358114234 0.12579655416568328 0.7370806890299184 0.144441822043899
0.557116953762466 0.3661552985603021 0.413871260199456 0.3847061600188813
0.557116953762466 0.4482888836440878 0.413871260199456 0.46683974510266696
0.557116953762466 0.5304224687278735 0.413871260199456 0.5489733301864527
0.557116953762466 0.6125560538116592 0.413871260199456 0.6311069152702383
0.557116953762466 0.6946896388954449 0.413871260199456 0.7132405003540241
0.557116953762466 0.7768232239792305 0.413871260199456 0.7953740854378097
0.557116953762466 0.8589568090630163 0.413871260199456 0.8775076705215955
0.557116953762466 0.2840217134765164 0.413871260199456 0.3025725749350956
0.557116953762466 0.2018881283927307 0.413871260199456 0.22043898985130989
0.557116953762466 0.11975454330894501 0.413871260199456 0.1383054047675242
0.557116953762466 0.05614821807882936 0.413871260199456 0.07469907953740855
0.8195829555757026 0.5303280623082369 0.7479601087941976 0.5489733301864527
0.8032638259292838 0.6733537880575879 0.7370806890299184 0.6905829596412556
0.8091568449682683 0.8931319329714421 0.7611060743427017 0.9054047675241916
0.5385312783318223 0.9774604673117772 0.4016319129646419 0.9952796790181733
