0.9978256142639704 0.7741220902785343 0.974043270276147 0.8376729491229982
0.18542074363992173 0.7784798634564404 0.16489997825614264 0.8333151759450921
0.2166775385953468 0.7405309220321749 0.19955425092411394 0.7634092312161819
0.21368775820830616 0.6749464357046883 0.19656447053707327 0.6978247448886952
0.2199119373776908 0.7123869702581981 0.20278864970645794 0.735265279442205
0.28979125896934116 0.7349021316773795 0.2683191998260491 0.7635908050985947
0.4789628180039139 0.7349021316773795 0.45749075886062185 0.7635908050985947
0.5735485975212002 0.7349021316773795 0.5520765383779083 0.7635908050985947
0.6681343770384867 0.7349021316773795 0.6466623178951946 0.7635908050985947
0.8573059360730594 0.7349021316773795 0.8358338769297673 0.7635908050985947
0.9518917155903457 0.7349021316773795 0.9304196564470537 0.7635908050985947
0.4789628180039139 0.8482042343029379 0.45749075886062185 0.876892907724153
0.6746575342465754 0.8482042343029379 0.6466623178951946 0.8856084540799651
0.25146771037182 0.4391182772270037 0.23651880843661666 0.4590914042924066
0.4699934768427919 0.562370628608781 0.4558599695585997 0.5812543123797073
0.31765057621222004 0.8482042343029379 0.2654653185475103 0.8856084540799651
0.5073657316808001 0.5583760031957004 0.4902424440095673 0.5812543123797073
0.4462111328549685 0.5583760031957004 0.4290878451837356 0.5812543123797073
0.9518917155903457 0.8482042343029379 0.9304196564470537 0.876892907724153
0.8573059360730594 0.8133420488796892 0.8358338769297673 0.8420307223009043
0.33681235051098063 0.9596905981043686 0.2846270928462709 0.997094817881396
0.6590291367688628 0.9597269128808512 0.6310339204174821 0.9971311326578784
