0.9978256142639704 0.2258779097214657 0.974043270276147 0.16232705087700183
0.18542074363992173 0.22152013654355962 0.16489997825614264 0.16668482405490792
0.2166775385953468 0.25946907796782515 0.19955425092411394 0.23659076878381813
0.21368775820830616 0.32505356429531174 0.19656447053707327 0.30217525511130483
0.2199119373776908 0.2876130297418019 0.20278864970645794 0.264734720557795
0.28979125896934116 0.2650978683226205 0.2683191998260491 0.23640919490140533
0.4789628180039139 0.2650978683226205 0.45749075886062185 0.23640919490140533
0.5735485975212002 0.2650978683226205 0.5520765383779083 0.23640919490140533
0.6681343770384867 0.2650978683226205 0.6466623178951946 0.23640919490140533
0.8573059360730594 0.2650978683226205 0.8358338769297673 0.23640919490140533
0.9518917155903457 0.2650978683226205 0.9304196564470537 0.23640919490140533
0.4789628180039139 0.1517957656970621 0.45749075886062185 0.12310709227584704
0.6746575342465754 0.1517957656970621 0.6466623178951946 0.11439154592003486
0.25146771037182 0.5608817227729963 0.23651880843661666 0.5409085957075934
0.4699934768427919 0.43762937139121905 0.4558599695585997 0.41874568762029274
0.31765057621222004 0.1517957656970621 0.2654653185475103 0.11439154592003486
0.5073657316808001 0.44162399680429965 0.4902424440095673 0.41874568762029274
0.4462111328549685 0.44162399680429965 0.4290878451837356 0.41874568762029274
0.9518917155903457 0.1517957656970621 0.9304196564470537 0.12310709227584704
0.8573059360730594 0.1866579511203108 0.8358338769297673 0.15796927769909574
0.33681235051098063 0.04030940189563137 0.2846270928462709 0.0029051821186040216
0.6590291367688628 0.04027308711914879 0.6310339204174821 0.0028688673421215505
