0.5670897552130553 0.6273111215391836 0.42384406165004535 0.6088690755513844
0.5385312783318223 0.01959174096668226 0.4016319129646419 0.0018770530267480101
0.5670897552130553 0.21905208822149225 0.42384406165004535 0.20061004223369305
0.699909338168631 0.992491787893008 0.5630099728014506 0.9747770999530737
0.5670897552130553 0.5447207883622712 0.42384406165004535 0.5262787423744721
0.5670897552130553 0.464007508212107 0.42384406165004535 0.4455654622243078
0.5670897552130553 0.13740028155795403 0.42384406165004535 0.11895823557015484
0.3173164097914778 0.05560769591740966 0.2456935630099728 0.037071797278273144
0.8087035358114234 0.05560769591740966 0.7370806890299184 0.037071797278273144
0.8087035358114234 0.8662599718442046 0.7370806890299184 0.847724073205068
0.7325475974614687 0.16259971844204602 0.6609247506799637 0.1440638198029094
0.57116953762466 0.9382918817456594 0.499546690843155 0.9197559831065227
0.8087035358114234 0.21914594087282968 0.7370806890299184 0.20061004223369305
0.8485947416137806 0.33172219615204135 0.7914777878513146 0.31694040356640074
0.885040797824116 0.28343500703894886 0.8378966455122393 0.2709995307367433
0.885040797824116 0.2496480525574848 0.8378966455122393 0.23721257625527925
0.5670897552130553 0.3823557015485688 0.42384406165004535 0.3639136555607696
0.885040797824116 0.12271234162365086 0.8378966455122393 0.11027686532144532
0.5670897552130553 0.30070389488503046 0.42384406165004535 0.2822618488972314
0.885040797824116 0.08892538714218678 0.8378966455122393 0.07648991083998125
0.8087035358114234 0.6274049741905209 0.7370806890299184 0.6088690755513844
0.8087035358114234 0.7090567808540591 0.7370806890299184 0.6905208822149226
0.8087035358114234 0.7487095260441108 0.7370806890299184 0.7301736274049742
