0.5955387895686404 0.3174515235457064 0.5707725110710186 0.23379501385041557
0.44874528456618007 0.3174515235457064 0.4239790060685583 0.23379501385041557
0.6909955715925865 0.6133518005540166 0.6673773987206824 0.5734626038781163
0.02476627849762178 0.3174515235457064 0.0 0.23379501385041557
0.3601771362965393 0.8659279778393352 0.3418074462850582 0.8349030470914127
0.6988354928653436 0.5473684210526315 0.6752173199934394 0.5074792243767313
0.46347383959324256 0.7069806094182826 0.43985566672133836 0.6670914127423823
0.6909955715925865 0.48132963988919664 0.6673773987206824 0.44144044321329645
0.5799901590946367 0.7069806094182826 0.5563719862227325 0.6670914127423823
0.35214039691651633 0.6133518005540166 0.3285222240446121 0.5734626038781163
0.3601771362965393 0.9440443213296399 0.3418074462850582 0.9130193905817174
0.3601771362965393 0.7096952908587257 0.3418074462850582 0.6786703601108033
0.12907987534853207 0.3439335180055402 0.10546170247662785 0.3040443213296399
0.35214039691651633 0.48132963988919664 0.3285222240446121 0.44144044321329645
0.3443332786616369 0.5473684210526315 0.32071510578973267 0.5074792243767313
0.6777103493521404 0.9440443213296399 0.6593406593406593 0.9130193905817174
0.6777103493521404 0.8659279778393352 0.6593406593406593 0.8349030470914127
0.6777103493521404 0.7878116343490305 0.6593406593406593 0.756786703601108
0.6777103493521404 0.7096952908587257 0.6593406593406593 0.6786703601108033
0.9140560931605708 0.3439335180055402 0.8904379202886665 0.3040443213296399
0.9711333442676726 0.2581717451523545 0.9412825979990159 0.20775623268698062
0.3601771362965393 0.7878116343490305 0.3418074462850582 0.756786703601108
