0.5670897552130553 0.3726888784608165 0.42384406165004535 0.3911309244486157
0.5385312783318223 0.9804082590333177 0.4016319129646419 0.998122946973252
0.5670897552130553 0.7809479117785078 0.42384406165004535 0.799389957766307
0.699909338168631 0.007508212106992022 0.5630099728014506 0.025222900046926327
0.5670897552130553 0.4552792116377288 0.42384406165004535 0.4737212576255279
0.5670897552130553 0.535992491787893 0.42384406165004535 0.5544345377756922
0.5670897552130553 0.862599718442046 0.42384406165004535 0.8810417644298452
0.3173164097914778 0.9443923040825903 0.2456935630099728 0.9629282027217269
0.8087035358114234 0.9443923040825903 0.7370806890299184 0.9629282027217269
0.8087035358114234 0.1337400281557954 0.7370806890299184 0.15227592679493196
0.7325475974614687 0.837400281557954 0.6609247506799637 0.8559361801970906
0.57116953762466 0.06170811825434069 0.499546690843155 0.08024401689347724
0.8087035358114234 0.7808540591271703 0.7370806890299184 0.799389957766307
0.8485947416137806 0.6682778038479587 0.7914777878513146 0.6830595964335993
0.885040797824116 0.7165649929610511 0.8378966455122393 0.7290004692632567
0.885040797824116 0.7503519474425152 0.8378966455122393 0.7627874237447207
0.5670897552130553 0.6176442984514312 0.42384406165004535 0.6360863444392304
0.885040797824116 0.8772876583763491 0.8378966455122393 0.8897231346785547
0.5670897552130553 0.6992961051149695 0.42384406165004535 0.7177381511027686
0.885040797824116 0.9110746128578132 0.8378966455122393 0.9235100891600188
0.8087035358114234 0.3725950258094791 0.7370806890299184 0.3911309244486157
0.8087035358114234 0.29094321914594085 0.7370806890299184 0.3094791177850774
0.8087035358114234 0.25129047395588927 0.7370806890299184 0.2698263725950258
