0.7305448270194758 0.6119318181818182 0.6656257704001972 0.6298863636363636
1.0 0.6502272727272728 0.942476785274057 0.6661363636363636
0.7305448270194758 0.5546590909090909 0.6656257704001972 0.5726136363636364
0.8878297312844112 0.6974318181818182 0.7740159421480812 0.7131818181818181
0.49880844769496263 0.0715909090909091 0.4388199523379078 0.08818181818181818
0.41498890623716 0.026590909090909092 0.3550004108801052 0.04318181818181818
0.3656011175938861 0.6642045454545454 0.3138302243405374 0.6785227272727272
0.82997781247432 0.51375 0.7650587558550415 0.5317045454545455
0.8201166899498726 0.35761363636363636 0.7551976333305941 0.3755681818181818
0.898266085956118 0.2958863636363636 0.7650587558550415 0.31431818181818183
0.3264853315802449 0.5032954545454545 0.2621415071082258 0.5210681818181818
0.9080450324595283 0.3219318181818182 0.8431259758402498 0.33988636363636365
0.5629057441038705 0.034772727272727275 0.5029172487468156 0.05136363636363636
0.2079053332237653 0.18659090909090909 0.1436436847727833 0.22215909090909092
0.8887336675158188 0.49113636363636365 0.7749198783794888 0.5068636363636364
0.6664475306105678 0.034772727272727275 0.6064590352535131 0.05136363636363636
0.2079053332237653 0.5034090909090909 0.1436436847727833 0.5389772727272727
0.710822581970581 0.07704545454545454 0.6508340866135262 0.09363636363636364
0.3496589695126962 0.7304545454545455 0.2847399128934177 0.7484090909090909
0.3496589695126962 0.6186363636363637 0.2847399128934177 0.6365909090909091
0.3496589695126962 0.711590909090909 0.2847399128934177 0.7295454545454545
0.8169940011504643 0.6461363636363636 0.7652231078971157 0.6604545454545454
0.6002958336757335 0.711590909090909 0.5353767770564549 0.7295454545454545
0.6541211274550086 0.5933636363636363 0.610567836305366 0.6051818181818182
0.721505464705399 0.3221590909090909 0.6650505382529378 0.3377727272727273
0.6329197140274468 0.6206818181818182 0.5901881830881749 0.6327272727272727
