0.6246581196581197 0.7719072164948454 0.5938888888888889 0.7851620029455081
0.40615384615384614 0.7719072164948454 0.37538461538461537 0.7851620029455081
0.4044871794871795 0.6254050073637702 0.3737179487179487 0.6386597938144329
0.3547008547008547 0.6254050073637702 0.33205128205128204 0.6349779086892489
0.4147008547008547 0.6297864506627393 0.37837606837606835 0.6454344624447718
0.6262820512820513 0.6254050073637702 0.5955128205128205 0.6386597938144329
0.6679487179487179 0.6254050073637702 0.6452991452991453 0.6349779086892489
0.5143162393162393 0.8061487481590575 0.4856837606837607 0.8184830633284241
0.5143162393162393 0.9283873343151694 0.4856837606837607 0.9407216494845361
0.31405982905982904 0.718059646539028 0.28713675213675216 0.7296575846833578
0.5582051282051282 0.8309094256259205 0.5274358974358975 0.8441642120765832
0.4726068376068376 0.8947901325478645 0.4418376068376068 0.9080449189985272
0.5582051282051282 0.8947901325478645 0.5274358974358975 0.9080449189985272
0.4726068376068376 0.8309094256259205 0.4418376068376068 0.8441642120765832
0.712905982905983 0.718059646539028 0.685982905982906 0.7296575846833578
