0.21019367991845056 0.7088636363636364 0.12966360856269113 0.7268181818181818
0.7708460754332314 0.6855681818181818 0.7178389398572885 0.6976136363636364
0.8888888888888888 0.31772727272727275 0.7482161060142711 0.33340909090909093
0.5254841997961264 0.7088636363636364 0.44495412844036697 0.7268181818181818
0.7981651376146789 0.011568181818181818 0.7176350662589195 0.029522727272727273
0.8950050968399592 0.13727272727272727 0.7410805300713558 0.15443181818181817
1.0 0.7156818181818182 0.9296636085626911 0.7470454545454546
0.66493374108053 0.6718181818181819 0.5950050968399593 0.6885454545454546
0.8888888888888888 0.5631818181818182 0.7482161060142711 0.5788636363636364
0.8588175331294597 0.736 0.7782874617737003 0.7539545454545454
0.2996941896024465 0.7156818181818182 0.22935779816513763 0.7470454545454546
0.7990825688073394 0.6015 0.71855249745158 0.6194545454545455
0.6692150866462793 0.5436136363636364 0.5886850152905199 0.5615681818181818
0.7981651376146789 0.14179545454545456 0.7176350662589195 0.15975
