0.5418848167539267 0.9174217462932455 0.41579406631762655 0.9917627677100495
0.41012216404886565 0.7197281713344317 0.349912739965096 0.8618204283360791
0.10732984293193717 0.7691515650741351 0.028795811518324606 0.8618204283360791
0.6291448516579407 0.7197281713344317 0.568935427574171 0.8618204283360791
0.3411867364746946 0.2620469522240527 0.27225130890052357 0.3433896210873147
0.5135253054101222 0.6888385502471169 0.4445898778359511 0.770181219110379
0.818935427574171 0.6888385502471169 0.75 0.770181219110379
0.818935427574171 0.5766062602965404 0.75 0.6579489291598023
0.5135253054101222 0.5766062602965404 0.4445898778359511 0.6579489291598023
0.9630890052356021 0.41453871499176276 0.9044502617801047 0.4836285008237232
