0.6347780126849895 0.4213636363636364 0.5512684989429175 0.40340909090909094
0.5079281183932347 0.29113636363636364 0.42441860465116277 0.2731818181818182
0.7623678646934461 0.31545454545454543 0.7073995771670191 0.30340909090909096
0.18128964059196617 0.26409090909090904 0.09778012684989429 0.2461363636363636
0.8535940803382663 0.26409090909090904 0.7700845665961945 0.2461363636363636
0.8911205073995772 0.8627272727272728 0.7315010570824524 0.8455681818181818
0.7906976744186046 0.9882272727272727 0.7071881606765328 0.9702727272727273
0.6754756871035941 0.9882272727272727 0.5919661733615222 0.9702727272727273
1.0 0.2843181818181818 0.927061310782241 0.25295454545454543
0.7906976744186046 0.39829545454545456 0.7071881606765328 0.3803409090909091
0.8847780126849895 0.4360454545454545 0.7389006342494715 0.4203636363636364
0.6525369978858351 0.3275 0.5800211416490486 0.31145454545454543
0.17494714587737845 0.29113636363636364 0.09143763213530655 0.2731818181818182
0.6753699788583509 0.8554545454545455 0.6204016913319239 0.8434090909090909
