0.5039832285115304 0.5867045454545454 0.42138364779874216 0.6046136363636364
0.9339622641509434 0.6058636363636364 0.789308176100629 0.6215454545454545
0.9337526205450734 0.12038636363636364 0.7890985324947589 0.1360681818181818
0.9653039832285115 0.6519318181818182 0.8992662473794549 0.66625
0.2734800838574423 0.6509318181818182 0.20744234800838574 0.66525
0.7526205450733753 0.5867045454545454 0.670020964360587 0.6046136363636364
0.07232704402515723 0.6434090909090909 0.0 0.6747727272727273
0.20314465408805032 0.6379545454545454 0.12054507337526206 0.6558636363636363
0.8406708595387841 0.3544318181818182 0.7578616352201258 0.3723863636363636
0.8406708595387841 0.27488636363636365 0.7578616352201258 0.2928409090909091
0.7264150943396226 0.27488636363636365 0.6436058700209644 0.2928409090909091
0.8406708595387841 0.1953409090909091 0.7578616352201258 0.21329545454545454
0.7264150943396226 0.1953409090909091 0.6436058700209644 0.21329545454545454
0.7264150943396226 0.1419318181818182 0.6436058700209644 0.15988636363636363
0.23637316561844865 0.735909090909091 0.15356394129979037 0.7538636363636364
0.8406708595387841 0.1419318181818182 0.7578616352201258 0.15988636363636363
0.8125786163522013 0.6845454545454546 0.7580712788259958 0.696590909090909
0.7264150943396226 0.3544318181818182 0.6436058700209644 0.3723863636363636
0.560272536687631 0.7088636363636364 0.47746331236897277 0.7268181818181818
0.8406708595387841 0.43363636363636365 0.7578616352201258 0.4515909090909091
0.8406708595387841 0.5135227272727273 0.7578616352201258 0.5314772727272727
0.7263102725366877 0.011590909090909091 0.660272536687631 0.02590909090909091
0.8241090146750524 0.011590909090909091 0.7580712788259958 0.02590909090909091
0.9030398322851153 0.735909090909091 0.820230607966457 0.7538636363636364
