0.8042692939244663 0.6845454545454546 0.7473453749315818 0.696590909090909
0.3103448275862069 0.8602272727272727 0.2313081554460865 0.8930681818181818
0.9507389162561576 0.16511363636363635 0.7602627257799671 0.18488636363636363
0.5095785440613027 0.9001818181818182 0.44061302681992337 0.9145
0.37438423645320196 0.735909090909091 0.28790366721401206 0.7538636363636364
0.4822112753147236 0.35511363636363635 0.40229885057471265 0.37170454545454545
0.7022441160372195 0.9001818181818182 0.6332785987958401 0.9145
0.7911330049261084 0.9213636363636364 0.7342090859332239 0.9334090909090909
0.9638752052545156 0.028863636363636362 0.8848385331143952 0.061704545454545456
0.18040503557744936 0.8551136363636364 0.07717569786535304 0.8979545454545454
0.5407772304324029 0.7088636363636364 0.45429666119321294 0.7268181818181818
0.0735632183908046 0.6483181818181818 0.0 0.6635681818181818
0.9118773946360154 0.735909090909091 0.8253968253968254 0.7538636363636364
0.6905309250136836 0.6729545454545455 0.6154351395730706 0.6885454545454546
0.9507389162561576 0.5640454545454545 0.7602627257799671 0.5838181818181818
0.8336070060207992 0.3544318181818182 0.7471264367816092 0.3723863636363636
0.7911330049261084 0.9695454545454546 0.7342090859332239 0.9815909090909091
0.8336070060207992 0.27488636363636365 0.7471264367816092 0.2928409090909091
0.8336070060207992 0.5348863636363637 0.7471264367816092 0.5528409090909091
0.8336070060207992 0.5892045454545455 0.7471264367816092 0.6071590909090909
0.8336070060207992 0.1953409090909091 0.7471264367816092 0.21329545454545454
0.8336070060207992 0.4339772727272727 0.7471264367816092 0.45193181818181816
0.7142857142857143 0.1953409090909091 0.6278051450465244 0.21329545454545454
0.7142857142857143 0.14125 0.6278051450465244 0.15920454545454546
0.8336070060207992 0.14125 0.7471264367816092 0.15920454545454546
0.8226600985221675 0.029545454545454545 0.7471264367816092 0.060909090909090906
