0.7153846153846154 0.3087260677466863 0.6858974358974359 0.28332106038291605
0.7153846153846154 0.23159057437407948 0.6858974358974359 0.20618556701030932
0.12106837606837607 0.8513622974963181 0.048504273504273505 0.8071428571428572
0.3141025641025641 0.1111929307805597 0.2722222222222222 0.07511045655375548
0.5465811965811965 0.19385125184094254 0.4534188034188034 0.1737849779086893
0.4252136752136752 0.19385125184094254 0.33205128205128204 0.1737849779086893
0.6679487179487179 0.19385125184094254 0.5747863247863247 0.1737849779086893
0.5465811965811965 0.43501472754050075 0.4534188034188034 0.4149484536082474
0.6679487179487179 0.43501472754050075 0.5747863247863247 0.4149484536082474
0.4252136752136752 0.43501472754050075 0.33205128205128204 0.4149484536082474
