0.9285714285714286 0.6102175969725638 0.9220137793641571 0.684957426679281
0.433053872333361 0.5425733207190161 0.4264962231260895 0.6173131504257332
0.310948783929609 0.7421948912015137 0.30522121690047316 0.8727530747398297
0.01079106831576326 0.7417218543046358 0.005063501286627376 0.8722800378429517
0.8362247862538391 0.25052034058656575 0.8309952685315847 0.3101229895931883
0.8520710550344485 0.13528855250709557 0.8468415373121939 0.19489120151371808
0.851083257242467 0.09943235572374645 0.8451066655598904 0.1675496688741722
0.8520710550344485 0.32450331125827814 0.8468415373121939 0.3841059602649007
0.9770067236656429 0.6781456953642384 0.9726072881215241 0.7273415326395459
0.9853905536648128 0.6781456953642384 0.980991118120694 0.7273415326395459
0.9770067236656429 0.5951750236518448 0.9726072881215241 0.6443708609271523
0.9853905536648128 0.5951750236518448 0.980991118120694 0.6443708609271523
0.9951025151489997 0.4210028382213813 0.989540964555491 0.48438978240302744
0.4801610359425583 0.7133396404919584 0.4736033867352868 0.7880794701986755
0.8995185523366813 0.7133396404919584 0.8929609031294098 0.7880794701986755
0.4511081597078111 0.7133396404919584 0.44455051050053956 0.7880794701986755
0.4220552834730638 0.7133396404919584 0.41549763426579234 0.7880794701986755
0.31866854818627044 0.9053926206244087 0.3072134141279987 0.9706717123935666
0.3930024072383166 0.7133396404919584 0.38644475803104505 0.7880794701986755
0.3724578733294596 0.9053926206244087 0.36100273927118787 0.9706717123935666
0.4220552834730638 0.6102175969725638 0.41549763426579234 0.684957426679281
0.4511081597078111 0.6102175969725638 0.44455051050053956 0.684957426679281
0.4801610359425583 0.6102175969725638 0.4736033867352868 0.684957426679281
0.5092139121773056 0.6102175969725638 0.5026562629700341 0.684957426679281
0.5092139121773056 0.7133396404919584 0.5026562629700341 0.7880794701986755
0.5673196646468001 0.7133396404919584 0.5607620154395285 0.7880794701986755
0.5673196646468001 0.6102175969725638 0.5607620154395285 0.684957426679281
0.5963725408815472 0.7133396404919584 0.5898148916742757 0.7880794701986755
0.5963725408815472 0.6102175969725638 0.5898148916742757 0.684957426679281
0.6254254171162945 0.7133396404919584 0.618867767909023 0.7880794701986755
0.6254254171162945 0.6102175969725638 0.618867767909023 0.684957426679281
0.6544782933510418 0.7133396404919584 0.6479206441437703 0.7880794701986755
0.6544782933510418 0.6102175969725638 0.6479206441437703 0.684957426679281
0.683531169585789 0.6102175969725638 0.6769735203785174 0.684957426679281
0.683531169585789 0.7133396404919584 0.6769735203785174 0.7880794701986755
0.7416369220552834 0.6102175969725638 0.735079272848012 0.684957426679281
0.7416369220552834 0.7133396404919584 0.735079272848012 0.7880794701986755
0.799742674524778 0.6102175969725638 0.7931850253175065 0.684957426679281
0.799742674524778 0.7133396404919584 0.7931850253175065 0.7880794701986755
0.8375114136299494 0.6102175969725638 0.8309537644226779 0.684957426679281
0.9365817215904374 0.7417218543046358 0.9308541545613016 0.8722800378429517
0.3806756868930024 0.7412488174077578 0.3749481198638665 0.8718070009460738
0.7706897982900307 0.7133396404919584 0.7641321490827592 0.7880794701986755
0.7125840458205362 0.7133396404919584 0.7060263966132647 0.7880794701986755
0.5382667884120528 0.7133396404919584 0.5317091392047812 0.7880794701986755
0.5382667884120528 0.6102175969725638 0.5317091392047812 0.684957426679281
0.7125840458205362 0.6102175969725638 0.7060263966132647 0.684957426679281
0.7706897982900307 0.6102175969725638 0.7641321490827592 0.684957426679281
0.9285714285714286 0.7133396404919584 0.9220137793641571 0.7880794701986755
0.8496306134307297 0.825922421948912 0.8430729642234581 0.9006622516556292
0.3930024072383166 0.6102175969725638 0.38644475803104505 0.684957426679281
