0.21019367991845056 0.29113636363636364 0.12966360856269113 0.2731818181818182
0.7708460754332314 0.3144318181818182 0.7178389398572885 0.3023863636363636
0.8888888888888888 0.6822727272727273 0.7482161060142711 0.666590909090909
0.5254841997961264 0.29113636363636364 0.44495412844036697 0.2731818181818182
0.7981651376146789 0.9884318181818181 0.7176350662589195 0.9704772727272727
0.8950050968399592 0.8627272727272728 0.7410805300713558 0.8455681818181818
1.0 0.2843181818181818 0.9296636085626911 0.25295454545454543
0.66493374108053 0.32818181818181813 0.5950050968399593 0.31145454545454543
0.8888888888888888 0.43681818181818177 0.7482161060142711 0.42113636363636364
0.8588175331294597 0.264 0.7782874617737003 0.24604545454545457
0.2996941896024465 0.2843181818181818 0.22935779816513763 0.25295454545454543
0.7990825688073394 0.39849999999999997 0.71855249745158 0.3805454545454545
0.6692150866462793 0.45638636363636365 0.5886850152905199 0.4384318181818182
0.7981651376146789 0.8582045454545455 0.7176350662589195 0.8402499999999999
