0.3002252040912077 0.4098058773881685 0.26503706484001127 0.43026675874063275
0.42455662944543493 0.924550500012788 0.3870226142441588 0.9437325762807233
0.3557286290700948 0.924550500012788 0.31819461386881864 0.9437325762807233
0.3002252040912077 0.2170643750479552 0.26503706484001127 0.23752525640041944
0.41282724969503615 0.1793652011560398 0.37763911044383974 0.19982608250850406
0.4691282724969504 0.8929384383232307 0.433940133245754 0.913399319675695
0.41282724969503615 0.7630374178367734 0.37763911044383974 0.7834982991892375
0.41282724969503615 0.6986879459832732 0.37763911044383974 0.7191488273357375
0.27207469269025053 0.28003273741016393 0.23688655343905415 0.3004936187626282
0.41282724969503615 0.6344663546382261 0.37763911044383974 0.6549272359906902
0.41282724969503615 0.5694774802424615 0.37763911044383974 0.5899383615949257
0.41282724969503615 0.5001662446609888 0.37763911044383974 0.5206271260134531
0.3002252040912077 0.6058722729481573 0.26503706484001127 0.6263331543006215
0.41282724969503615 0.43755594772244816 0.37763911044383974 0.4580168290749124
0.3002252040912077 0.4743855341568838 0.26503706484001127 0.49484641550934805
0.41282724969503615 0.3740760633264278 0.37763911044383974 0.39453694467889205
0.3002252040912077 0.5406020614337963 0.26503706484001127 0.5610629427862606
0.3002252040912077 0.34486815519578506 0.26503706484001127 0.36532903654824933
0.41282724969503615 0.3087035474053045 0.37763911044383974 0.32916442875776875
0.32368396359200524 0.3084222102867081 0.28849582434080884 0.32888309163917234
0.3002252040912077 0.6699659837847515 0.26503706484001127 0.6904268651372157
0.41282724969503615 0.24312642267065654 0.37763911044383974 0.2635873040231208
0.3002252040912077 0.1793652011560398 0.26503706484001127 0.19982608250850406
0.3002252040912077 0.7348525537737538 0.26503706484001127 0.7553134351262181
0.3002252040912077 0.8650860635821888 0.26503706484001127 0.885546944934653
0.3002252040912077 0.7981534054579401 0.26503706484001127 0.8186142868104044
0.41282724969503615 0.8309931200286452 0.37763911044383974 0.8514540013811095
