0.8522550544323484 0.3430814888092 0.8304821150855366 0.38326944478793123
0.7695800933125972 0.3430814888092 0.7462519440124417 0.38636082601706445
0.19290824261275272 0.36626684802769877 0.17346811819595645 0.4049091133918635
0.26283048211508553 0.203969333498207 0.2301710730948678 0.26579695808087056
0.2006220839813375 0.2163348584147397 0.17573872472783825 0.26270557685173734
0.8242612752721618 0.2967107703722023 0.80248833592535 0.3368987263509336
0.19751166407465007 0.2967107703722023 0.17573872472783825 0.3368987263509336
0.08917573872472784 0.3430814888092 0.06584758942457232 0.38636082601706445
0.1088646967340591 0.2812538642265364 0.08398133748055987 0.33380734512180044
0.2537791601866252 0.3430814888092 0.2304510108864697 0.38636082601706445
0.16951788491446346 0.3430814888092 0.14774494556765164 0.38326944478793123
0.9160186625194401 0.2812538642265364 0.8911353032659409 0.33380734512180044
0.1695800933125972 0.4188203289229628 0.15013996889580095 0.4574625942871275
0.08917573872472784 0.09577099047854581 0.06584758942457232 0.1390503276864103
0.9349922239502333 0.09886237170767899 0.910108864696734 0.14523309014467664
0.6049766718506998 0.4041053542722889 0.5800933125972006 0.45665883516755285
0.3026749611197512 0.2812538642265364 0.27779160186625196 0.33380734512180044
0.8818040435458787 0.3430814888092 0.8584758942457231 0.38636082601706445
0.8242612752721618 0.21324347718560652 0.7993779160186625 0.26270557685173734
0.7698289269051322 0.203969333498207 0.7371695178849145 0.26579695808087056
0.6049766718506998 0.2812538642265364 0.5800933125972006 0.33380734512180044
0.43993779160186625 0.3430814888092 0.4166096423017107 0.38636082601706445
0.4199066874027994 0.2812538642265364 0.39502332814930013 0.33380734512180044
0.7122861586314152 0.2812538642265364 0.687402799377916 0.33380734512180044
