0.29443783288136255 0.6676546247623308 0.2768792555163197 0.6508779778548262
0.29443783288136255 0.6266450434328747 0.2768792555163197 0.6182567199791225
0.25783795384045105 0.655668642582858 0.243927658661256 0.6315475524736234
0.24761495990791502 0.6214256421727622 0.23370466472871998 0.5973045520635276
0.25783795384045105 0.5868843902620885 0.243927658661256 0.5627633001528539
0.6576662699728818 0.6022257018230623 0.636517939013208 0.5820191626589122
0.3626431511793511 0.4689818439399023 0.34196304894941176 0.4591022629832606
0.38726417855122225 0.4689818439399023 0.3665840763212829 0.4591022629832606
0.4365062332949646 0.4689818439399023 0.41582613106502525 0.4591022629832606
0.46112726066683574 0.4689818439399023 0.4404471584368964 0.4591022629832606
0.4118852059230934 0.4689818439399023 0.3912051036931541 0.4591022629832606
0.5041262656807851 0.6543078701114715 0.4874456171839944 0.6398426723334452
0.5512612911407222 0.6544942772993327 0.5352829857385333 0.640625582522462
0.5445500126811947 0.6405510196473176 0.5353805333905612 0.6325914327256459
0.5215482763329886 0.21054691868918463 0.5059406520085061 0.19563434366029153
0.3942876094972394 0.5369272639152965 0.37795813254774957 0.5197405211944972
0.7010749751253488 0.46870223315811055 0.6811947636420391 0.447787346680088
0.5511052148974774 0.46881407747082726 0.5331174278635114 0.4532490772844201
0.5533488108941218 0.43035827461506915 0.5381508867081569 0.41548298102374825
0.36276020836178474 0.5111098683965254 0.34607955986499406 0.49664467061849904
0.5929921766783074 0.4465570592402043 0.577033380806524 0.4309174961786526
0.5719609029010672 0.42767401110986836 0.5563727881069903 0.4131342504566976
0.05335856565932458 0.5594266114901391 0.02686462336851552 0.5454833538381241
0.36714985270304545 0.5574134138612385 0.35286887644614395 0.5425567609887036
0.528415631035761 0.5720090966707676 0.5105644107146341 0.5545427431681766
0.5215482763329886 0.09585057599821045 0.5059406520085061 0.08093800096931736
0.22705191486040932 0.5478134436863886 0.20180658251555886 0.5345226111918875
0.1872329633025733 0.5357901800693434 0.17090348635308347 0.5186034373485442
0.3393877909358722 0.5689706595086306 0.3251458337397819 0.5553629347947657
0.5010632694071053 0.07493568952018792 0.48545564508262284 0.06002311449129483
0.22705191486040932 0.473101442791634 0.20180658251555886 0.4598106102971331
0.4719940691027567 0.10233754613577895 0.4583373978188345 0.07683704283637172
0.3283063776654896 0.44422696939193973 0.31441559201670016 0.42010587928270515
0.5215482763329886 0.26124967378742125 0.5059406520085061 0.24633709875852816
0.2567844391985485 0.44426425082951193 0.24289365354975906 0.42014316072027735
0.43543320912265643 0.5570965216418745 0.42119125192656615 0.5434887969280096
0.4607955986499405 0.5107556947395892 0.44411495015314983 0.4962904969615628
0.5511052148974774 0.3346009022107892 0.535497590572995 0.3196883271818961
0.5507930624109878 0.6882339783022033 0.5351854380865052 0.6733214032733101
0.04358429092611741 0.341292920255005 0.03369295901047662 0.330872758453566
0.0335954113584486 0.34138612384893563 0.01636849601030103 0.3232487044700444
0.521236123846499 0.8080005965030012 0.5056284995220165 0.7930880214741081
0.2567844391985485 0.3861611303731872 0.24289365354975906 0.36204004026395253
0.3283063776654896 0.3861984118107594 0.31441559201670016 0.36207732170152485
0.5017070839104902 0.942828915482981 0.48609945958600775 0.9279163404540879
0.521236123846499 0.9197517056257689 0.5056284995220165 0.9048391305968758
0.47484246054197476 0.9265555679827014 0.46118578925805254 0.9010550646832942
0.5289618978871179 0.44532677180032065 0.5111106775659909 0.4278604182977296
0.5356536668162397 0.3784811542333072 0.5170415748092944 0.36112664504343284
0.2984372866145112 0.36854565112030724 0.27319195426966075 0.3552548186258062
0.2984372866145112 0.4494090892144801 0.27319195426966075 0.43613689743876527
0.3315059406520085 0.41076687917086085 0.31398638234777687 0.3955746933601759
0.4808123768460893 0.5689706595086306 0.466570419649999 0.5553629347947657
0.25779893477963983 0.41076687917086085 0.24027937647540823 0.3955746933601759
0.16274850264354138 0.5108675390523059 0.1460678541467507 0.4963837005554934
0.2299783444212498 0.5108675390523059 0.2132976959244591 0.4963837005554934
0.5942407866242659 0.5102151138947918 0.5775406285970697 0.49574991611676544
