0.7698289269051322 0.12325875897002955 0.7293934681181959 0.1684857987095218
0.16951788491446346 0.39462099740698303 0.14774494556765164 0.4338177651812097
0.2693623639191291 0.11125851775915094 0.2301710730948678 0.16547066272688898
0.2006220839813375 0.2710004221190376 0.17573872472783825 0.31622746185852985
0.7122861586314152 0.3343182777543267 0.687402799377916 0.3855755894590846
0.31259720062208396 0.3343182777543267 0.28771384136858474 0.3855755894590846
0.2537791601866252 0.39462099740698303 0.2304510108864697 0.4368329011638425
0.3328149300155521 0.3282880057890611 0.29237947122861585 0.37049990954592055
0.9160186625194401 0.3343182777543267 0.8911353032659409 0.3855755894590846
0.8833592534992224 0.23481879032744377 0.8631415241057543 0.2770306940843032
0.8818040435458787 0.39462099740698303 0.8584758942457231 0.4368329011638425
0.8242612752721618 0.3493939576674908 0.80248833592535 0.3885907254417174
0.8242612752721618 0.2710004221190376 0.7993779160186625 0.31622746185852985
0.8522550544323484 0.39462099740698303 0.8304821150855366 0.4338177651812097
0.7698289269051322 0.2589398781885063 0.7371695178849145 0.31924259784116266
0.9300155520995335 0.15642525477899052 0.9082426127527217 0.19562202255321715
0.6049766718506998 0.3343182777543267 0.5800933125972006 0.3855755894590846
0.26283048211508553 0.2589398781885063 0.2301710730948678 0.31924259784116266
0.19751166407465007 0.3493939576674908 0.17573872472783825 0.3885907254417174
0.1088646967340591 0.3343182777543267 0.08398133748055987 0.3855755894590846
0.14152410575427682 0.39462099740698303 0.1181959564541213 0.4368329011638425
