0.7571490782406736 0.4627921620920843 0.7397300043547684 0.4351965033151831
0.7765381664351035 0.421750564877579 0.7591190925491985 0.39196947809015814
0.28001161271592395 0.6981516464792384 0.263193911618937 0.6670370781938734
0.07374074611699812 0.7372671037522688 0.056321672231093044 0.6946697781234952
0.9337245712626755 0.7372671037522688 0.9163054973767705 0.6946697781234952
0.7218961906144371 0.602696595918065 0.7050784895174502 0.5715820276326999
0.751591564191361 0.6392191725006482 0.7361839785994235 0.6081046042152831
0.18443481326338054 0.6501833537059674 0.16765858615183626 0.6206985961403119
0.20674781743151607 0.6981516464792384 0.18995085332725048 0.6670370781938734
0.6518466292018331 0.5309108419454014 0.6374758932459614 0.5068711338296847
0.8230305041162931 0.6522206171056043 0.805611430230388 0.6221802422491388
0.5580324741306015 0.6981516464792384 0.5412147730336146 0.6670370781938734
0.44696514111523544 0.6981516464792384 0.43014744001824856 0.6670370781938734
0.4822387657341932 0.8209430677482683 0.46542106463720634 0.7898284994629032
0.24992223627729507 0.6392191725006482 0.23310453518030816 0.6081046042152831
0.4822387657341932 0.7107456384042672 0.46542106463720634 0.6796310701189021
0.723866204922962 0.6981516464792384 0.7070485038259752 0.6670370781938734
0.2728780872197914 0.6392191725006482 0.25606038612280446 0.6081046042152831
0.3519689774588889 0.6392191725006482 0.335151276361902 0.6081046042152831
0.8000953901665181 0.6981516464792384 0.7832776890695311 0.6670370781938734
0.5203326213632499 0.602696595918065 0.5018352238558365 0.5715820276326999
0.7767870103477593 0.602696595918065 0.7602803641415922 0.5727673445197614
0.4171453455819837 0.602696595918065 0.3986479480745702 0.5715820276326999
0.6689546481969185 0.5309108419454014 0.6545839122410468 0.5068711338296847
0.6689546481969185 0.43289995184650143 0.6545839122410468 0.4088602437307849
0.6518466292018331 0.43289995184650143 0.6374758932459614 0.4088602437307849
0.686601829002758 0.5309108419454014 0.6722310930468863 0.5068711338296847
0.7037098479978433 0.5309108419454014 0.6893183750492503 0.5068711338296847
0.7213570288036829 0.5309108419454014 0.7069862928478112 0.5068711338296847
