0.25370443811515303 0.9017684037365608 0.22738580235786135 0.8600552258974208
0.11695569095432094 0.8114681863580283 0.09153837833940225 0.7685212384701251
0.4750333489562678 0.831267258092944 0.42059343115693837 0.7869102872921685
0.21487543714172405 0.8114681863580283 0.18945812452680535 0.7685212384701251
0.5561884846955331 0.9107572998061219 0.5289685257958683 0.8220433582045709
0.37833940224249196 0.8664003290053464 0.3511194433428273 0.8220433582045709
0.17914698777805818 0.9445390987603548 0.12470706997872877 0.9001821279595793
0.46558748242419873 1.0 0.41943973753470093 0.9624581399447741
0.21213541478891013 0.8619352564479172 0.1865378375455168 0.8202220786087774
0.9241085914121931 0.5741143293578521 0.8854238021415438 0.5110745549615181
