0.7995250640050462 0.7130865211341499 0.7907127750361768 0.7016811514861196
0.1716448369262736 0.5085198111270786 0.1571184742681162 0.48605123292045893
0.15671032614745278 0.3605237345742376 0.1384549738414159 0.3426857364447182
0.15806463582056324 0.455188302652889 0.14355682534970873 0.43271972444626927
0.0790508700975845 0.3899952097447478 0.06574895180141739 0.37062889208239236
0.1242625505547104 0.3496886334086088 0.10851174353456272 0.33333333333333337
0.09060888278728062 0.36262232258947513 0.07487662795443582 0.3462670225141997
0.15203517494712626 0.5101165628778028 0.13873325665095915 0.4907502452154474
0.13457756669511337 0.44152466981454874 0.12129420058624912 0.4221811628914893
0.08105450632629586 0.46200871370241114 0.06775258803012875 0.4426423960400556
0.09955103706727023 0.5301443919797441 0.08624911877110311 0.5108008850566848
0.11224073318244221 0.6114646775702001 0.0989388148862751 0.5920983599078447
0.1361545026158584 0.7054221127306737 0.12285258431969129 0.6860557950683182
0.7365218359244555 0.7839366773877141 0.7209936551519424 0.7659161933438263
0.7365218359244555 0.7362850429982436 0.7209936551519424 0.7182645589543557
0.6677488775926682 0.7839366773877141 0.652220696820155 0.7659161933438263
0.3045527067641275 0.37060608134309636 0.2906385662869652 0.35007641597664185
0.6677488775926682 0.7048746549875682 0.652220696820155 0.6868541709436803
0.3240325034321547 0.3167955473436894 0.30733553485955994 0.299687492871644
0.7141850024117844 0.16480759141403778 0.6900671589180364 0.15004904308948652
0.7141850024117844 0.1499121786537102 0.6900671589180364 0.13515363032915895
0.7412711958739936 0.09051301352676844 0.7273570553968313 0.0722644220899199
0.5418908389299099 0.20557038253609794 0.5272346109606323 0.18647779374529527
0.36447627175243963 0.2738429252492073 0.3477793031798449 0.25673487077716184
0.3876665058810434 0.2738429252492073 0.37096953730844867 0.25673487077716184
0.7797669845274758 0.6151600173361619 0.7658528440503135 0.5969114258993133
0.785610923527884 0.11416775017678327 0.7707691736855775 0.09705969570473783
0.8064079254944158 0.11729282146034348 0.7924937850172535 0.09904423002349505
0.7599532484879967 0.5864641073017176 0.7451114986456904 0.5693560528296722
0.8195614262921599 0.16366705444923468 0.795443582798412 0.14890850612468354
0.8195614262921599 0.1487716416889071 0.795443582798412 0.13401309336435596
0.7788393751623316 0.6080202559364949 0.7639976253200252 0.5909122014644494
0.7349077956291047 0.6222769679965328 0.7209936551519424 0.6040283765596843
0.9095395347111425 0.16480759141403778 0.8965530035991244 0.13287255639955287
0.849671626284739 0.6522730901708524 0.8376498089124708 0.6384725928967359
0.9600571407368929 0.8661465818107165 0.9433601721642981 0.8446360546545313
0.9098920262698972 0.8611054084262871 0.8956068420466773 0.8446360546545313
0.5284590553226225 0.6405711809119734 0.5129308745501094 0.6225506968680855
0.49261622945345257 0.6405711809119734 0.47708804868093946 0.6225506968680855
0.4322659641571741 0.6423504185770661 0.41760973618789654 0.6232806405255594
0.39020815554153837 0.6657998585734164 0.37467997476902526 0.6477793745295285
0.7640532818819339 0.06615114395857569 0.7492115320396274 0.049043089486530245
0.5397016808281696 0.3167955473436894 0.5230047122555749 0.299687492871644
0.8708767763719343 0.1903328086863295 0.8557010871581759 0.17167362394215202
0.4982375422062261 0.2738429252492073 0.4815405736336314 0.25673487077716184
0.9091128344031761 0.1999817514085631 0.8939371451894178 0.18132256666438562
0.47504730807762235 0.2738429252492073 0.4583503395050276 0.25673487077716184
0.6119253459982932 0.2943725906156619 0.5972691180290156 0.2752800018248591
0.6144669956587882 0.4526106891124342 0.5989388148862751 0.4345902050685463
0.5595525212422544 0.36937430142110905 0.5456383807650922 0.34884463605465454
0.6343920448220846 0.4791852003923447 0.619735816852807 0.460092611601542
0.5595525212422544 0.4543899267775269 0.5456383807650922 0.43386026141107237
0.5595525212422544 0.486439015488492 0.5456383807650922 0.4659093501220375
0.23199510222255204 0.5937863546157531 0.2157619383325294 0.5833846574967494
0.31831842974286667 0.5659116311959671 0.3019554005417239 0.5413216542348138
0.26540759155504434 0.5783434841123201 0.24976809765871397 0.5620109947763408
0.6386961522763533 0.545176669175848 0.6182887462431821 0.5326307625630147
0.9585358613780565 0.7606469125664362 0.9417461318689474 0.7403909760715345
0.8865904790174761 0.7942927530281256 0.8711921635560833 0.7752685964552111
0.9396868390783273 0.8111727001072104 0.9221921264517087 0.7906430347407559
0.5985492189529146 0.5726179885490088 0.5846350784757522 0.5475261753233422
0.7034061815888093 0.6912338328885239 0.6802159474602055 0.676977120828486
0.7381173240325034 0.6515431465133785 0.7251307929204853 0.636716165970939
0.7615858409706504 0.6515431465133785 0.7504545285889206 0.6389972399005452
0.7571333160179585 0.673555509934077 0.7432191755407963 0.6553069184972284
0.7589328781863381 0.8325463628276193 0.7357426440577344 0.8183352722461735
0.7589328781863381 0.8182212185496932 0.7357426440577344 0.8040329387075436
0.8560350265296278 0.8733775861675677 0.8254239174798709 0.8545587262483177
0.3614522652220697 0.925842286548507 0.3475381247449074 0.9075936951116585
0.3400430410745427 0.9771664499646433 0.3252012912322363 0.9600583954925979
0.34011724982375424 0.8364926207258377 0.3271307187117361 0.8216656401833984
0.5939482765017996 0.8331622527886129 0.5799970316500316 0.7988320901480417
0.6666357463544952 0.8217796938798787 0.6434455122258914 0.8075914140377289
0.6666357463544952 0.8361048381578047 0.6434455122258914 0.8218937475763589
0.6784163852918259 0.6205661625493282 0.6645022448146637 0.6023175711124797
0.5118177433119365 0.576450192750747 0.4949723572409187 0.5557608522092201
0.22142035545990874 0.319646889755697 0.2050573262587659 0.298546955906841
0.9390189603354235 0.8800383220420174 0.9215242477088049 0.8595086566755629
0.3191718303587993 0.18168753849312258 0.3024748617862046 0.1601770113369374
0.2797855367147787 0.237186067200438 0.2645727431264146 0.2184812609776683
0.3889280546176394 0.18082073039987223 0.37427182664836184 0.16172814160906956
0.36117398241252646 0.18082073039987223 0.34651775444324884 0.16172814160906956
0.49949909094282213 0.18082073039987223 0.48484286297354456 0.16172814160906956
0.4717450187377092 0.18082073039987223 0.4570887907684316 0.16172814160906956
0.6635746354495194 0.6631538128150734 0.6505881043375014 0.6312187778005884
0.5985492189529146 0.6192659504094528 0.5818522503803198 0.5726179885490088
0.5985492189529146 0.6439471703277904 0.5844124522281177 0.6192659504094528
0.908667581907907 0.2576929218275964 0.8931394011353939 0.23967243778370861
0.908667581907907 0.28978763201715363 0.8931394011353939 0.27176714797326584
0.908667581907907 0.43253723853190085 0.8931394011353939 0.41451675448801295
0.908667581907907 0.4646319487214581 0.8931394011353939 0.4466114646775702
0.9109309487588587 0.5811720157850315 0.8931394011353939 0.5603686215470243
0.9109309487588587 0.7262711284472729 0.8931394011353939 0.7054677342092657
0.7919928759600757 0.8650516663245056 0.7773366479907982 0.8459590775337029
0.6837408630477533 0.861082597686991 0.6690846350784757 0.8419900088961884
0.6200140996623502 0.7909851958301969 0.6053578716930726 0.7718926070393941
0.7995250640050462 0.6935605282967221 0.7907127750361768 0.6821551586486918
0.7995250640050462 0.6741713998950706 0.7907127750361768 0.6627660302470403
0.7150012986531112 0.5918246310362919 0.6973767207153724 0.5701544287050344
0.8766836109977366 0.7057870845594105 0.8588920633742718 0.6849836903214033
0.8878891321286779 0.6864207668970551 0.8709695373084486 0.6645452679121331
0.8878891321286779 0.6191518967129725 0.8709695373084486 0.5972763977280504
0.8626952617713628 0.5987819065215904 0.8489295387926237 0.582814389014348
0.8757374494452896 0.5773398115832934 0.8602092686727765 0.5593193275394055
0.853790211865979 0.5274527247428089 0.8376498089124708 0.48981500490430896
0.7995250640050462 0.751864777937453 0.7907127750361768 0.7404594082894227
0.7995250640050462 0.7906430347407559 0.7907127750361768 0.7792376650927256
0.7995250640050462 0.7712539063391044 0.7907127750361768 0.7598485366910741
0.7995250640050462 0.7324756495358015 0.7907127750361768 0.7210702798877712
