0.3828597512267488 0.16597157204868496 0.36631290653885656 0.15235339177802365
0.3244322720529499 0.20597497659375263 0.30788542736505764 0.19235679632309133
0.0641561109209175 0.8363605413226658 0.04546388223211229 0.8224189292705762
0.2179618851991327 0.252787471274151 0.2008444596599338 0.2391692910034896
0.2795846171402488 0.252787471274151 0.26246719160104987 0.2391692910034896
0.30925482140819355 0.7726274576559707 0.2901974209745521 0.7584134819984679
0.4791509756932557 0.824546769937867 0.4582677165354331 0.8089879989786365
0.17685724067100309 0.824546769937867 0.15597398151318043 0.8089879989786365
0.2838982083761269 0.8016001361818027 0.26468104530411957 0.7872670014469316
0.21278101106926853 0.7548897778534344 0.19543535318954697 0.7418673929696145
0.20358324774620565 0.7777342752574687 0.18269998858838296 0.7621755042982381
0.41933127924226865 0.801770363435186 0.4002054091064704 0.7875053196016683
0.3920575145498117 0.7460379606775045 0.3724295332648636 0.7313984168865435
0.4763208946707749 0.7569154821686952 0.45507246376811594 0.7410843476040514
0.28410361748259727 0.8926376712911737 0.26477233824032864 0.878219422929611
0.35193426908592945 0.9163843731381394 0.33246605043934724 0.9018639884245467
0.4197192742211571 0.8929611030726019 0.4002967020426795 0.8784747638096859
0.3933356156567386 0.8651119244190995 0.3739586899463654 0.8506596306068601
0.39294762067785005 0.7726785258319857 0.3738902202442086 0.7584645501744829
0.21682072349651946 0.11745680483445398 0.19856213625470728 0.10298748829687632
0.28300810224808853 0.11745680483445398 0.2647495150062764 0.10298748829687632
0.2476320894670775 0.13703293897352964 0.22823234052265207 0.12341475870286833
0.1209631404770056 0.15916248191335436 0.10270455323519342 0.1463954379096093
0.15405682985279015 0.20427270405992004 0.1374871619308456 0.19065452378925862
