0.7571490782406736 0.5372078379079157 0.7397300043547684 0.5648034966848169
0.7765381664351035 0.578249435122421 0.7591190925491985 0.6080305219098419
0.28001161271592395 0.30184835352076156 0.263193911618937 0.33296292180612663
0.07374074611699812 0.2627328962477312 0.056321672231093044 0.30533022187650477
0.9337245712626755 0.2627328962477312 0.9163054973767705 0.30533022187650477
0.7218961906144371 0.39730340408193504 0.7050784895174502 0.42841797236730006
0.751591564191361 0.36078082749935175 0.7361839785994235 0.3918953957847168
0.18443481326338054 0.3498166462940327 0.16765858615183626 0.37930140385968814
0.20674781743151607 0.30184835352076156 0.18995085332725048 0.33296292180612663
0.6518466292018331 0.46908915805459866 0.6374758932459614 0.4931288661703152
0.8230305041162931 0.3477793828943957 0.805611430230388 0.3778197577508612
0.5580324741306015 0.30184835352076156 0.5412147730336146 0.33296292180612663
0.44696514111523544 0.30184835352076156 0.43014744001824856 0.33296292180612663
0.4822387657341932 0.17905693225173167 0.46542106463720634 0.2101715005370967
0.24992223627729507 0.36078082749935175 0.23310453518030816 0.3918953957847168
0.4822387657341932 0.28925436159573287 0.46542106463720634 0.3203689298810979
0.723866204922962 0.30184835352076156 0.7070485038259752 0.33296292180612663
0.2728780872197914 0.36078082749935175 0.25606038612280446 0.3918953957847168
0.3519689774588889 0.36078082749935175 0.335151276361902 0.3918953957847168
0.8000953901665181 0.30184835352076156 0.7832776890695311 0.33296292180612663
0.5203326213632499 0.39730340408193504 0.5018352238558365 0.42841797236730006
0.7767870103477593 0.39730340408193504 0.7602803641415922 0.42723265548023853
0.4171453455819837 0.39730340408193504 0.3986479480745702 0.42841797236730006
0.6689546481969185 0.46908915805459866 0.6545839122410468 0.4931288661703152
0.6689546481969185 0.5671000481534986 0.6545839122410468 0.5911397562692151
0.6518466292018331 0.5671000481534986 0.6374758932459614 0.5911397562692151
0.686601829002758 0.46908915805459866 0.6722310930468863 0.4931288661703152
0.7037098479978433 0.46908915805459866 0.6893183750492503 0.4931288661703152
0.7213570288036829 0.46908915805459866 0.7069862928478112 0.4931288661703152
