0.27135371805914443 0.1483375959079284 0.2426428366350847 0.16751918158567775
0.3158196956646569 0.6119437340153453 0.2889032443296009 0.6324040920716113
0.3158196956646569 0.4150639386189258 0.2889032443296009 0.4355242966751918
0.3158196956646569 0.1793606138107417 0.2889032443296009 0.19982097186700767
0.17352138960666091 0.44884910485933505 0.1501937984496124 0.46675191815856776
0.17352138960666091 0.42416879795396417 0.1501937984496124 0.44207161125319694
0.17352138960666091 0.39258312020460356 0.15733563020384725 0.4053708439897698
0.3158196956646569 0.21854219948849105 0.2889032443296009 0.23900255754475702
0.17352138960666091 0.3695652173913043 0.1501937984496124 0.3874680306905371
0.17352138960666091 0.34271099744245526 0.1501937984496124 0.36061381074168797
0.22968705139247775 0.43941176470588234 0.20277060005742176 0.45987212276214834
0.22968705139247775 0.349846547314578 0.20277060005742176 0.370306905370844
0.24583692219351133 0.309462915601023 0.21892047085845537 0.329923273657289
0.2099124318116566 0.28005115089514065 0.18299598047660062 0.30051150895140666
0.22968705139247775 0.21705882352941178 0.20277060005742176 0.23751918158567775
0.22968705139247775 0.929616368286445 0.20277060005742176 0.950076726342711
0.22968705139247775 0.8637851662404092 0.20277060005742176 0.8842455242966752
0.22968705139247775 0.7981329923273657 0.20277060005742176 0.8185933503836317
0.22968705139247775 0.7348337595907929 0.20277060005742176 0.7552941176470588
0.22968705139247775 0.6699488491048593 0.20277060005742176 0.6904092071611253
0.22968705139247775 0.6058567774936061 0.20277060005742176 0.6263171355498721
0.3158196956646569 0.8309718670076727 0.2889032443296009 0.8514322250639386
0.22968705139247775 0.5437851662404092 0.20277060005742176 0.5642455242966752
0.22968705139247775 0.47437340153452684 0.20277060005742176 0.49483375959079284
0.3158196956646569 0.960306905370844 0.2889032443296009 0.98076726342711
0.3373528567327017 0.8644501278772379 0.3104364053976457 0.8849104859335039
