0.8522550544323484 0.6569185111908 0.8304821150855366 0.6167305552120688
0.7695800933125972 0.6569185111908 0.7462519440124417 0.6136391739829355
0.19290824261275272 0.6337331519723013 0.17346811819595645 0.5950908866081366
0.26283048211508553 0.796030666501793 0.2301710730948678 0.7342030419191294
0.2006220839813375 0.7836651415852602 0.17573872472783825 0.7372944231482627
0.8242612752721618 0.7032892296277977 0.80248833592535 0.6631012736490665
0.19751166407465007 0.7032892296277977 0.17573872472783825 0.6631012736490665
0.08917573872472784 0.6569185111908 0.06584758942457232 0.6136391739829355
0.1088646967340591 0.7187461357734636 0.08398133748055987 0.6661926548781996
0.2537791601866252 0.6569185111908 0.2304510108864697 0.6136391739829355
0.16951788491446346 0.6569185111908 0.14774494556765164 0.6167305552120688
0.9160186625194401 0.7187461357734636 0.8911353032659409 0.6661926548781996
0.1695800933125972 0.5811796710770372 0.15013996889580095 0.5425374057128725
0.08917573872472784 0.9042290095214542 0.06584758942457232 0.8609496723135897
0.9349922239502333 0.901137628292321 0.910108864696734 0.8547669098553233
0.6049766718506998 0.5958946457277111 0.5800933125972006 0.5433411648324471
0.3026749611197512 0.7187461357734636 0.27779160186625196 0.6661926548781996
0.8818040435458787 0.6569185111908 0.8584758942457231 0.6136391739829355
0.8242612752721618 0.7867565228143935 0.7993779160186625 0.7372944231482627
0.7698289269051322 0.796030666501793 0.7371695178849145 0.7342030419191294
0.6049766718506998 0.7187461357734636 0.5800933125972006 0.6661926548781996
0.43993779160186625 0.6569185111908 0.4166096423017107 0.6136391739829355
0.4199066874027994 0.7187461357734636 0.39502332814930013 0.6661926548781996
0.7122861586314152 0.7187461357734636 0.687402799377916 0.6661926548781996
