0.29443783288136255 0.33234537523766916 0.2768792555163197 0.3491220221451739
0.29443783288136255 0.37335495656712525 0.2768792555163197 0.3817432800208776
0.25783795384045105 0.344331357417142 0.243927658661256 0.3684524475263766
0.24761495990791502 0.3785743578272378 0.23370466472871998 0.40269544793647244
0.25783795384045105 0.4131156097379115 0.243927658661256 0.4372366998471461
0.6576662699728818 0.3977742981769377 0.636517939013208 0.4179808373410879
0.3626431511793511 0.5310181560600977 0.34196304894941176 0.5408977370167394
0.38726417855122225 0.5310181560600977 0.3665840763212829 0.5408977370167394
0.4365062332949646 0.5310181560600977 0.41582613106502525 0.5408977370167394
0.46112726066683574 0.5310181560600977 0.4404471584368964 0.5408977370167394
0.4118852059230934 0.5310181560600977 0.3912051036931541 0.5408977370167394
0.5041262656807851 0.3456921298885285 0.4874456171839944 0.36015732766655484
0.5512612911407222 0.3455057227006673 0.5352829857385333 0.35937441747753796
0.5445500126811947 0.3594489803526824 0.5353805333905612 0.3674085672743541
0.5215482763329886 0.7894530813108154 0.5059406520085061 0.8043656563397085
0.3942876094972394 0.46307273608470345 0.37795813254774957 0.48025947880550274
0.7010749751253488 0.5312977668418895 0.6811947636420391 0.552212653319912
0.5511052148974774 0.5311859225291727 0.5331174278635114 0.5467509227155799
0.5533488108941218 0.5696417253849309 0.5381508867081569 0.5845170189762517
0.36276020836178474 0.4888901316034746 0.34607955986499406 0.503355329381501
0.5929921766783074 0.5534429407597957 0.577033380806524 0.5690825038213474
0.5719609029010672 0.5723259888901316 0.5563727881069903 0.5868657495433024
0.05335856565932458 0.44057338850986094 0.02686462336851552 0.454516646161876
0.36714985270304545 0.4425865861387615 0.35286887644614395 0.4574432390112963
0.528415631035761 0.4279909033292324 0.5105644107146341 0.4454572568318234
0.5215482763329886 0.9041494240017895 0.5059406520085061 0.9190619990306826
0.22705191486040932 0.45218655631361143 0.20180658251555886 0.46547738880811246
0.1872329633025733 0.4642098199306565 0.17090348635308347 0.48139656265145586
0.3393877909358722 0.4310293404913694 0.3251458337397819 0.4446370652052343
0.5010632694071053 0.9250643104798121 0.48545564508262284 0.9399768855087052
0.22705191486040932 0.526898557208366 0.20180658251555886 0.5401893897028669
0.4719940691027567 0.897662453864221 0.4583373978188345 0.9231629571636283
0.3283063776654896 0.5557730306080603 0.31441559201670016 0.5798941207172948
0.5215482763329886 0.7387503262125787 0.5059406520085061 0.7536629012414718
0.2567844391985485 0.5557357491704881 0.24289365354975906 0.5798568392797226
0.43543320912265643 0.4429034783581255 0.42119125192656615 0.45651120307199045
0.4607955986499405 0.48924430526041085 0.44411495015314983 0.5037095030384372
0.5511052148974774 0.6653990977892108 0.535497590572995 0.6803116728181039
0.5507930624109878 0.31176602169779666 0.5351854380865052 0.3266785967266898
0.04358429092611741 0.658707079744995 0.03369295901047662 0.669127241546434
0.0335954113584486 0.6586138761510644 0.01636849601030103 0.6767512955299556
0.521236123846499 0.19199940349699884 0.5056284995220165 0.20691197852589197
0.2567844391985485 0.6138388696268128 0.24289365354975906 0.6379599597360475
0.3283063776654896 0.6138015881892406 0.31441559201670016 0.6379226782984752
0.5017070839104902 0.05717108451701897 0.48609945958600775 0.07208365954591209
0.521236123846499 0.08024829437423107 0.5056284995220165 0.09516086940312418
0.47484246054197476 0.07344443201729858 0.46118578925805254 0.09894493531670581
0.5289618978871179 0.5546732281996793 0.5111106775659909 0.5721395817022704
0.5356536668162397 0.6215188457666928 0.5170415748092944 0.6388733549565672
0.2984372866145112 0.6314543488796928 0.27319195426966075 0.6447451813741938
0.2984372866145112 0.5505909107855199 0.27319195426966075 0.5638631025612347
0.3315059406520085 0.5892331208291391 0.31398638234777687 0.6044253066398241
0.4808123768460893 0.4310293404913694 0.466570419649999 0.4446370652052343
0.25779893477963983 0.5892331208291391 0.24027937647540823 0.6044253066398241
0.16274850264354138 0.48913246094769414 0.1460678541467507 0.5036162994445066
0.2299783444212498 0.48913246094769414 0.2132976959244591 0.5036162994445066
0.5942407866242659 0.4897848861052082 0.5775406285970697 0.5042500838832346
