0.26229869843370834 0.6042054185200162 0.19979410250753732 0.6729478366356652
0.2557540995661446 0.7691872219975738 0.19633796602691375 0.8346138293570562
0.7516729171262593 0.29106348564496565 0.6971100816236488 0.35107157298827335
0.40091183175233475 0.3729882733522038 0.3344363556143834 0.4460978568540235
0.5977645415104051 0.28313788920339666 0.5641591293477461 0.3571370804690659
0.3344363556143834 0.1080469065911848 0.26501948672696524 0.18439142741609382
0.594014265754835 0.1080469065911848 0.5245973968674167 0.18439142741609382
0.5203323773806897 0.8272543469470279 0.4541510405176851 0.9000404367165387
0.48562394293698063 0.7563283461382936 0.37340980954481945 0.8180347755762232
0.6627693212736231 0.7691872219975738 0.6032796529156556 0.8346138293570562
0.6627693212736231 0.19983825313384554 0.5996764467975586 0.2651839870602507
0.26501948672696524 0.2883946623534169 0.21428046179866167 0.3441973311767085
0.25950437532171483 0.19983825313384554 0.200088241782484 0.2651839870602507
0.5245973968674167 0.3729882733522038 0.45819545554820207 0.4460978568540235
0.6627693212736231 0.44132632430246665 0.6032796529156556 0.5066720582288718
0.6630634605485698 0.6042054185200162 0.6005588646223987 0.6729478366356652
0.3344363556143834 0.25960372017792155 0.2873005368041768 0.3154872624342903
0.4049562467828517 0.8272543469470279 0.33877490991984704 0.9000404367165387
0.3344363556143834 0.20088960776384956 0.2873005368041768 0.25677315002021833
0.2595779101404515 0.44124545086938943 0.19633796602691375 0.5066720582288718
