0.3235190339906692 0.3477990494381024 0.2898027992315835 0.3862212943632568
0.5731759909044576 0.5741571536445609 0.5434194534833575 0.6094700839514947
0.7061198886580154 0.5515479944920713 0.6811071470576704 0.5786878692311109
0.17897047869212374 0.03300315373339848 0.14697926059513075 0.06893794696397637
0.6708354569333909 0.5865499933371829 0.6404908456502136 0.6216852485230756
0.4489355863096405 0.4601341447163861 0.41894381934370956 0.49398125527473014
0.30262280942486375 0.5416870252742859 0.27121966518994783 0.5776218185048638
0.2864703806798134 0.5363123528627904 0.2535382444034971 0.5738018034024785
0.3727996236327283 0.5847288233465109 0.340533971066766 0.6230178119308843
0.35507899792213904 0.534580020432639 0.32171560748029954 0.5715364456092036
0.6349237464225507 0.264202904988229 0.6051280040773122 0.29840536578865545
0.4601873995373819 0.04788344512059699 0.42984278825420474 0.08181939323946165
0.47069431920649235 0.13845333807133656 0.4367036499784373 0.1777195398214365
0.41753244207472456 0.08759383467329987 0.390559454267456 0.11855372451472483
0.3659387619084957 0.1390752009949807 0.33402595365977966 0.1763425576333674
0.42854902575763515 0.32874339270643627 0.39718508644685774 0.3649446986185759
0.5558474144352531 0.08981477368631458 0.5259340573175991 0.12432816594856305
