0.1088646967340591 0.2783795361360994 0.08398133748055987 0.3303959366011872
0.08914463452566096 0.09485343614221896 0.06581648522550544 0.13762927605409706
0.7698289269051322 0.20188482956979378 0.7371695178849145 0.26308059482283824
0.7122861586314152 0.2783795361360994 0.687402799377916 0.3303959366011872
0.7695489891135303 0.3395753013891439 0.7462208398133748 0.38241233706627503
0.08914463452566096 0.3395753013891439 0.06581648522550544 0.38241233706627503
0.8818040435458787 0.3395753013891439 0.8584758942457231 0.38241233706627503
0.8242612752721618 0.2936784774493605 0.80248833592535 0.3334557248638394
0.8522550544323484 0.3395753013891439 0.8304821150855366 0.3793525488036228
0.19287713841368584 0.36252371335903555 0.17343701399688957 0.40077106664218837
0.16954898911353034 0.41454011382412337 0.15010886469673407 0.4527874671072762
0.9160186625194401 0.2783795361360994 0.8911353032659409 0.3303959366011872
0.9380715396578538 0.0887338596169145 0.9100777604976672 0.1437488525794015
0.26283048211508553 0.20188482956979378 0.2301710730948678 0.26308059482283824
0.25374805598755834 0.3395753013891439 0.2304199066874028 0.38241233706627503
0.3056298600311042 0.2783795361360994 0.280746500777605 0.3303959366011872
0.2006220839813375 0.21412398262040266 0.17573872472783825 0.26002080656018606
0.8242612752721618 0.21106419435775045 0.7993779160186625 0.26002080656018606
0.19751166407465007 0.2936784774493605 0.17573872472783825 0.3334557248638394
0.16951788491446346 0.3395753013891439 0.14774494556765164 0.3793525488036228
0.7931570762052877 0.27531974787344715 0.7807153965785381 0.29979805397466497
0.4199066874027994 0.2783795361360994 0.39502332814930013 0.3303959366011872
0.6049766718506998 0.2783795361360994 0.5800933125972006 0.3303959366011872
