0.7995250640050462 0.28691347886585006 0.7907127750361768 0.29831884851388035
0.1716448369262736 0.4914801888729214 0.1571184742681162 0.5139487670795411
0.15671032614745278 0.6394762654257624 0.1384549738414159 0.6573142635552818
0.15806463582056324 0.544811697347111 0.14355682534970873 0.5672802755537307
0.0790508700975845 0.6100047902552522 0.06574895180141739 0.6293711079176076
0.1242625505547104 0.6503113665913912 0.10851174353456272 0.6666666666666666
0.09060888278728062 0.6373776774105249 0.07487662795443582 0.6537329774858003
0.15203517494712626 0.4898834371221971 0.13873325665095915 0.5092497547845526
0.13457756669511337 0.5584753301854513 0.12129420058624912 0.5778188371085107
0.08105450632629586 0.5379912862975889 0.06775258803012875 0.5573576039599444
0.09955103706727023 0.46985560802025594 0.08624911877110311 0.4891991149433153
0.11224073318244221 0.38853532242979993 0.0989388148862751 0.4079016400921554
0.1361545026158584 0.2945778872693264 0.12285258431969129 0.31394420493168185
0.7365218359244555 0.21606332261228586 0.7209936551519424 0.23408380665617373
0.7365218359244555 0.2637149570017564 0.7209936551519424 0.2817354410456443
0.6677488775926682 0.21606332261228586 0.652220696820155 0.23408380665617373
0.3045527067641275 0.6293939186569036 0.2906385662869652 0.6499235840233581
0.6677488775926682 0.29512534501243187 0.652220696820155 0.3131458290563197
0.3240325034321547 0.6832044526563106 0.30733553485955994 0.700312507128356
0.7141850024117844 0.8351924085859622 0.6900671589180364 0.8499509569105135
0.7141850024117844 0.8500878213462898 0.6900671589180364 0.864846369670841
0.7412711958739936 0.9094869864732316 0.7273570553968313 0.9277355779100801
0.5418908389299099 0.7944296174639021 0.5272346109606323 0.8135222062547047
0.36447627175243963 0.7261570747507927 0.3477793031798449 0.7432651292228382
0.3876665058810434 0.7261570747507927 0.37096953730844867 0.7432651292228382
0.7797669845274758 0.3848399826638381 0.7658528440503135 0.4030885741006866
0.785610923527884 0.8858322498232167 0.7707691736855775 0.9029403042952622
0.8064079254944158 0.8827071785396565 0.7924937850172535 0.900955769976505
0.7599532484879967 0.41353589269828234 0.7451114986456904 0.4306439471703278
0.8195614262921599 0.8363329455507653 0.795443582798412 0.8510914938753165
0.8195614262921599 0.8512283583110929 0.795443582798412 0.865986906635644
0.7788393751623316 0.3919797440635051 0.7639976253200252 0.40908779853555055
0.7349077956291047 0.37772303200346724 0.7209936551519424 0.3959716234403157
0.9095395347111425 0.8351924085859622 0.8965530035991244 0.8671274436004471
0.849671626284739 0.34772690982914756 0.8376498089124708 0.3615274071032642
0.9600571407368929 0.1338534181892835 0.9433601721642981 0.15536394534546866
0.9098920262698972 0.1388945915737129 0.8956068420466773 0.15536394534546866
0.5284590553226225 0.35942881908802665 0.5129308745501094 0.3774493031319145
0.49261622945345257 0.35942881908802665 0.47708804868093946 0.3774493031319145
0.4322659641571741 0.3576495814229339 0.41760973618789654 0.3767193594744406
0.39020815554153837 0.3342001414265836 0.37467997476902526 0.3522206254704715
0.7640532818819339 0.9338488560414243 0.7492115320396274 0.9509569105134698
0.5397016808281696 0.6832044526563106 0.5230047122555749 0.700312507128356
0.8708767763719343 0.8096671913136705 0.8557010871581759 0.828326376057848
0.4982375422062261 0.7261570747507927 0.4815405736336314 0.7432651292228382
0.9091128344031761 0.8000182485914369 0.8939371451894178 0.8186774333356144
0.47504730807762235 0.7261570747507927 0.4583503395050276 0.7432651292228382
0.6119253459982932 0.7056274093843381 0.5972691180290156 0.7247199981751409
0.6144669956587882 0.5473893108875658 0.5989388148862751 0.5654097949314537
0.5595525212422544 0.630625698578891 0.5456383807650922 0.6511553639453455
0.6343920448220846 0.5208147996076553 0.619735816852807 0.539907388398458
0.5595525212422544 0.5456100732224731 0.5456383807650922 0.5661397385889276
0.5595525212422544 0.513560984511508 0.5456383807650922 0.5340906498779625
0.23199510222255204 0.4062136453842469 0.2157619383325294 0.41661534250325055
0.31831842974286667 0.43408836880403295 0.3019554005417239 0.45867834576518624
0.26540759155504434 0.42165651588767994 0.24976809765871397 0.4379890052236593
0.6386961522763533 0.454823330824152 0.6182887462431821 0.46736923743698533
0.9585358613780565 0.23935308743356373 0.9417461318689474 0.2596090239284655
0.8865904790174761 0.20570724697187437 0.8711921635560833 0.22473140354478888
0.9396868390783273 0.1888272998927895 0.9221921264517087 0.20935696525924405
0.5985492189529146 0.42738201145099114 0.5846350784757522 0.45247382467665775
0.7034061815888093 0.3087661671114761 0.6802159474602055 0.32302287917151395
0.7381173240325034 0.3484568534866215 0.7251307929204853 0.3632838340290609
0.7615858409706504 0.3484568534866215 0.7504545285889206 0.3610027600994548
0.7571333160179585 0.326444490065923 0.7432191755407963 0.3446930815027715
0.7589328781863381 0.16745363717238076 0.7357426440577344 0.1816647277538265
0.7589328781863381 0.1817787814503068 0.7357426440577344 0.1959670612924565
0.8560350265296278 0.1266224138324323 0.8254239174798709 0.14544127375168228
0.3614522652220697 0.07415771345149297 0.3475381247449074 0.09240630488834144
0.3400430410745427 0.022833550035356646 0.3252012912322363 0.039941604507402084
0.34011724982375424 0.16350737927416228 0.3271307187117361 0.17833435981660165
0.5939482765017996 0.1668377472113871 0.5799970316500316 0.20116790985195832
0.6666357463544952 0.17822030612012135 0.6434455122258914 0.19240858596227103
0.6666357463544952 0.1638951618421953 0.6434455122258914 0.17810625242364106
0.6784163852918259 0.3794338374506718 0.6645022448146637 0.39768242888752026
0.5118177433119365 0.42354980724925295 0.4949723572409187 0.4442391477907799
0.22142035545990874 0.680353110244303 0.2050573262587659 0.701453044093159
0.9390189603354235 0.11996167795798261 0.9215242477088049 0.14049134332443713
0.3191718303587993 0.8183124615068774 0.3024748617862046 0.8398229886630626
0.2797855367147787 0.762813932799562 0.2645727431264146 0.7815187390223317
0.3889280546176394 0.8191792696001278 0.37427182664836184 0.8382718583909304
0.36117398241252646 0.8191792696001278 0.34651775444324884 0.8382718583909304
0.49949909094282213 0.8191792696001278 0.48484286297354456 0.8382718583909304
0.4717450187377092 0.8191792696001278 0.4570887907684316 0.8382718583909304
0.6635746354495194 0.33684618718492665 0.6505881043375014 0.3687812221994115
0.5985492189529146 0.38073404959054724 0.5818522503803198 0.42738201145099114
0.5985492189529146 0.3560528296722097 0.5844124522281177 0.38073404959054724
0.908667581907907 0.7423070781724036 0.8931394011353939 0.7603275622162914
0.908667581907907 0.7102123679828464 0.8931394011353939 0.7282328520267342
0.908667581907907 0.5674627614680992 0.8931394011353939 0.585483245511987
0.908667581907907 0.5353680512785419 0.8931394011353939 0.5533885353224298
0.9109309487588587 0.4188279842149684 0.8931394011353939 0.4396313784529757
0.9109309487588587 0.273728871552727 0.8931394011353939 0.29453226579073427
0.7919928759600757 0.13494833367549441 0.7773366479907982 0.15404092246629714
0.6837408630477533 0.13891740231300898 0.6690846350784757 0.15800999110381167
0.6200140996623502 0.20901480416980314 0.6053578716930726 0.22810739296060586
0.7995250640050462 0.3064394717032779 0.7907127750361768 0.3178448413513082
0.7995250640050462 0.3258286001049294 0.7907127750361768 0.3372339697529597
0.7150012986531112 0.4081753689637081 0.6973767207153724 0.42984557129496564
0.8766836109977366 0.2942129154405894 0.8588920633742718 0.3150163096785967
0.8878891321286779 0.3135792331029449 0.8709695373084486 0.33545473208786697
0.8878891321286779 0.3808481032870275 0.8709695373084486 0.40272360227194964
0.8626952617713628 0.40121809347840964 0.8489295387926237 0.41718561098565204
0.8757374494452896 0.4226601884167066 0.8602092686727765 0.44068067246059445
0.853790211865979 0.4725472752571911 0.8376498089124708 0.510184995095691
0.7995250640050462 0.24813522206254704 0.7907127750361768 0.25954059171057736
0.7995250640050462 0.20935696525924405 0.7907127750361768 0.22076233490727434
0.7995250640050462 0.22874609366089554 0.7907127750361768 0.24015146330892584
0.7995250640050462 0.26752435046419853 0.7907127750361768 0.27892972011222883
