0.8204660587639311 0.44207434514637906 0.796873643074251 0.48401386748844377
0.14905196121001593 0.28052773497688754 0.1254305977710233 0.3220820493066256
0.6716167317991026 0.4523305084745763 0.6451584889274858 0.49571456086286597
0.7321464756115212 0.511748844375963 0.7090172239108409 0.5486325115562404
0.4358662613981763 0.2808166409861325 0.4122738457084962 0.3227080123266564
0.5588941959762629 0.2808166409861325 0.5353017802865827 0.3227080123266564
0.251063829787234 0.34201656394453006 0.22631350412505427 0.3793817411402157
0.1804892169633811 0.18220338983050846 0.15573889130120133 0.21956856702619415
0.17614705456650745 0.27725346687211094 0.15212042263713996 0.3135111710323575
0.20749746707193514 0.2840909090909091 0.18598928933275438 0.3219857473035439
0.39979736575481256 0.34302773497688754 0.3750470400926328 0.380441063174114
0.3852945433492546 0.5127600154083205 0.3638732088580113 0.5483917565485362
0.08727746417716023 0.24191063174114022 0.06368504848748009 0.2838020030816641
0.08727746417716023 0.18952234206471494 0.06368504848748009 0.23141371340523884
0.08727746417716023 0.4384148690292758 0.06368504848748009 0.4803543913713405
0.1491966999565784 0.3991718027734977 0.12560428426689824 0.4410631741140216
0.05155594152554639 0.2018008474576271 0.018902880301056593 0.22968027734976887
0.20749746707193514 0.3994607087827427 0.18598928933275438 0.43730739599383667
0.28655377044434793 0.08359013867488443 0.26180344478216816 0.12095531587057011
0.4358662613981763 0.3972939137134052 0.4122738457084962 0.43923343605546994
0.1036908380373426 0.34201656394453006 0.07894051237516284 0.3793817411402157
0.7082645824287161 0.1707916024653313 0.6835142567665364 0.20815677966101695
0.6719641047908526 0.225346687211094 0.6454769141699233 0.27051232665639446
0.5957157331017513 0.34230546995377503 0.5709654074395716 0.3796706471494607
0.8204660587639311 0.23984013867488443 0.796873643074251 0.2817315100154083
0.8524243740049211 0.3437018489984592 0.8276740483427414 0.38106702619414484
0.7689680127370097 0.34081278890600925 0.7441887393255174 0.3781779661016949
0.08727746417716023 0.4908513097072419 0.06368504848748009 0.5327426810477658
0.5588941959762629 0.3972939137134052 0.5353017802865827 0.43923343605546994
0.05155594152554639 0.492536594761171 0.018902880301056593 0.5204641756548536
0.1491966999565784 0.4908513097072419 0.12560428426689824 0.5327426810477658
