0.27135371805914443 0.8516624040920716 0.2426428366350847 0.8324808184143222
0.3158196956646569 0.3880562659846547 0.2889032443296009 0.3675959079283887
0.3158196956646569 0.5849360613810741 0.2889032443296009 0.5644757033248082
0.3158196956646569 0.8206393861892582 0.2889032443296009 0.8001790281329924
0.17352138960666091 0.551150895140665 0.1501937984496124 0.5332480818414322
0.17352138960666091 0.5758312020460359 0.1501937984496124 0.5579283887468031
0.17352138960666091 0.6074168797953965 0.15733563020384725 0.5946291560102301
0.3158196956646569 0.7814578005115089 0.2889032443296009 0.760997442455243
0.17352138960666091 0.6304347826086957 0.1501937984496124 0.6125319693094629
0.17352138960666091 0.6572890025575447 0.1501937984496124 0.639386189258312
0.22968705139247775 0.5605882352941176 0.20277060005742176 0.5401278772378517
0.22968705139247775 0.650153452685422 0.20277060005742176 0.629693094629156
0.24583692219351133 0.690537084398977 0.21892047085845537 0.670076726342711
0.2099124318116566 0.7199488491048593 0.18299598047660062 0.6994884910485933
0.22968705139247775 0.7829411764705883 0.20277060005742176 0.7624808184143222
0.22968705139247775 0.070383631713555 0.20277060005742176 0.04992327365728899
0.22968705139247775 0.13621483375959076 0.20277060005742176 0.11575447570332476
0.22968705139247775 0.20186700767263432 0.20277060005742176 0.18140664961636832
0.22968705139247775 0.2651662404092071 0.20277060005742176 0.24470588235294122
0.22968705139247775 0.3300511508951407 0.20277060005742176 0.3095907928388747
0.22968705139247775 0.3941432225063939 0.20277060005742176 0.3736828644501279
0.3158196956646569 0.16902813299232733 0.2889032443296009 0.14856777493606144
0.22968705139247775 0.4562148337595908 0.20277060005742176 0.4357544757033248
0.22968705139247775 0.5256265984654731 0.20277060005742176 0.5051662404092072
0.3158196956646569 0.039693094629156045 0.2889032443296009 0.01923273657289004
0.3373528567327017 0.13554987212276215 0.3104364053976457 0.11508951406649615
