0.457384251436296 0.7950128493414712 0.4272051368705644 0.7584725345326052
0.32899628252788105 0.831352393189849 0.30314295370057454 0.800634436235143
0.2958431902669821 0.7915194346289752 0.26975329503210543 0.7608817860584645
0.7003379520108145 0.4046739479601671 0.66471781007097 0.36363636363636365
0.036600202771206486 0.2672663026019917 0.003109158499493072 0.22767426919370382
0.7070969922271038 0.262688724702859 0.6808719161879013 0.23237230966912947
0.41933085501858736 0.5590668165756505 0.39635011828320377 0.5073482171538708
0.2680973301791146 0.2235383874076453 0.2289624873267996 0.1996466431095406
0.533761405880365 0.9459123032444587 0.49787090233186887 0.9239078059749438
0.29503210544102737 0.7200449726951494 0.2693477526191281 0.6891663989720527
0.28398107468739436 0.9461532283970446 0.2491382223724231 0.924229039511725
0.41889151740452857 0.8439608095085127 0.3932071645826293 0.8131625441696113
0.33203785062521124 0.6084564728557662 0.30324433930381883 0.5743254095727595
0.2216965190942886 0.5016463218760039 0.19658668469077392 0.4715306778027626
0.32615748563703956 0.4611307420494699 0.3002027712064887 0.43029232251847094
0.2868198715782359 0.43836331513009963 0.25795876985468064 0.40427240603919046
0.31436296045961476 0.39579987150658524 0.2859749915511997 0.36150819145518787
0.6717134166948293 0.38270960488274974 0.6433592429874958 0.34918085448120784
0.6373774923960798 0.38953581753935107 0.6102061507265968 0.35693061355605527
0.6351808043257857 0.423305493093479 0.6102737411287598 0.3931095406360424
0.5460628590740115 0.4407324124638612 0.5177762757688408 0.4067218117571475
0.4106116931395742 0.2789110183103116 0.3833389658668469 0.2460648891744298
0.18462318350794188 0.26626244779955033 0.15606623859411964 0.2325329264375201
0.5102399459276783 0.3800594282043045 0.48185197701926324 0.34592836492129775
0.8361946603582291 0.14539832958560872 0.802264278472457 0.10508352071956317
0.3917877661372085 0.74092515258593 0.365934437309902 0.7102071956312239
