0.3828597512267488 0.834028427951315 0.36631290653885656 0.8476466082219763
0.3244322720529499 0.7940250234062474 0.30788542736505764 0.8076432036769087
0.0641561109209175 0.16363945867733423 0.04546388223211229 0.17758107072942378
0.2179618851991327 0.747212528725849 0.2008444596599338 0.7608307089965104
0.2795846171402488 0.747212528725849 0.26246719160104987 0.7608307089965104
0.30925482140819355 0.2273725423440293 0.2901974209745521 0.24158651800153205
0.4791509756932557 0.17545323006213295 0.4582677165354331 0.1910120010213635
0.17685724067100309 0.17545323006213295 0.15597398151318043 0.1910120010213635
0.2838982083761269 0.1983998638181973 0.26468104530411957 0.21273299855306835
0.21278101106926853 0.24511022214656566 0.19543535318954697 0.25813260703038554
0.20358324774620565 0.22226572474253128 0.18269998858838296 0.23782449570176184
0.41933127924226865 0.19822963656481402 0.4002054091064704 0.21249468039833178
0.3920575145498117 0.25396203932249556 0.3724295332648636 0.26860158311345644
0.4763208946707749 0.2430845178313048 0.45507246376811594 0.2589156523959486
0.28410361748259727 0.10736232870882628 0.26477233824032864 0.12178057707038897
0.35193426908592945 0.08361562686186058 0.33246605043934724 0.09813601157545324
0.4197192742211571 0.10703889692739808 0.4002967020426795 0.12152523619031406
0.3933356156567386 0.1348880755809005 0.3739586899463654 0.14934036939313985
0.39294762067785005 0.2273214741680143 0.3738902202442086 0.24153544982551706
0.21682072349651946 0.882543195165546 0.19856213625470728 0.8970125117031237
0.28300810224808853 0.882543195165546 0.2647495150062764 0.8970125117031237
0.2476320894670775 0.8629670610264704 0.22823234052265207 0.8765852412971317
0.1209631404770056 0.8408375180866456 0.10270455323519342 0.8536045620903907
0.15405682985279015 0.79572729594008 0.1374871619308456 0.8093454762107414
