0.25370443811515303 0.09823159626343927 0.22738580235786135 0.13994477410257916
0.11695569095432094 0.1885318136419717 0.09153837833940225 0.23147876152987487
0.4750333489562678 0.16873274190705598 0.42059343115693837 0.2130897127078315
0.21487543714172405 0.1885318136419717 0.18945812452680535 0.23147876152987487
0.5561884846955331 0.08924270019387814 0.5289685257958683 0.17795664179542917
0.37833940224249196 0.13359967099465367 0.3511194433428273 0.17795664179542917
0.17914698777805818 0.055460901239645144 0.12470706997872877 0.09981787204042065
0.46558748242419873 0.0 0.41943973753470093 0.0375418600552259
0.21213541478891013 0.13806474355208273 0.1865378375455168 0.17977792139122262
0.9241085914121931 0.42588567064214794 0.8854238021415438 0.4889254450384819
