0.6157552223780247 0.3590462833099579 0.5823895300758638 0.40392706872370265
0.5528709596231978 0.34850316777095325 0.5138604249811239 0.400976930889394
0.3026642217667997 0.3601102674469217 0.2692266206450221 0.4050877786912995
0.5514687376406716 0.4176621366735987 0.5181030453385108 0.48116264448420953
0.4211340020853558 0.4698940852154568 0.39154352281307303 0.5096484016056488
0.41965987128321286 0.5199980654833873 0.3898177111422716 0.5601392851961117
0.36587207420990187 0.359143009140591 0.3323625642685075 0.4042172462156019
0.47362744040556576 0.27803840015476133 0.41045554237227194 0.3227257339072399
0.9185992161938662 0.36518837355515793 0.8850537518426635 0.41031097354548535
0.40808255132492 0.7119021134593994 0.3879480818322367 0.7389853460366591
0.43630676302448496 0.7121922909512985 0.4161722935318017 0.7392755235285583
0.13328299715960162 0.3605455336847705 0.09991730485744077 0.4054746820138318
0.1927875453924424 0.3095226580258258 0.1593499442706648 0.3545001692702036
0.36677093445511094 0.4184843062339798 0.33369287743141696 0.4814044590607922
0.49750116851831877 0.7477873966242685 0.4773666990256355 0.7748706292015283
0.49656635386330134 0.5197562509068047 0.46672419372236007 0.559897470619529
