0.1088646967340591 0.7216204638639006 0.08398133748055987 0.6696040633988127
0.08914463452566096 0.905146563857781 0.06581648522550544 0.862370723945903
0.7698289269051322 0.7981151704302062 0.7371695178849145 0.7369194051771617
0.7122861586314152 0.7216204638639006 0.687402799377916 0.6696040633988127
0.7695489891135303 0.6604246986108562 0.7462208398133748 0.6175876629337249
0.08914463452566096 0.6604246986108562 0.06581648522550544 0.6175876629337249
0.8818040435458787 0.6604246986108562 0.8584758942457231 0.6175876629337249
0.8242612752721618 0.7063215225506395 0.80248833592535 0.6665442751361605
0.8522550544323484 0.6604246986108562 0.8304821150855366 0.6206474511963772
0.19287713841368584 0.6374762866409645 0.17343701399688957 0.5992289333578116
0.16954898911353034 0.5854598861758766 0.15010886469673407 0.5472125328927238
0.9160186625194401 0.7216204638639006 0.8911353032659409 0.6696040633988127
0.9380715396578538 0.9112661403830855 0.9100777604976672 0.8562511474205985
0.26283048211508553 0.7981151704302062 0.2301710730948678 0.7369194051771617
0.25374805598755834 0.6604246986108562 0.2304199066874028 0.6175876629337249
0.3056298600311042 0.7216204638639006 0.280746500777605 0.6696040633988127
0.2006220839813375 0.7858760173795973 0.17573872472783825 0.7399791934398139
0.8242612752721618 0.7889358056422495 0.7993779160186625 0.7399791934398139
0.19751166407465007 0.7063215225506395 0.17573872472783825 0.6665442751361605
0.16951788491446346 0.6604246986108562 0.14774494556765164 0.6206474511963772
0.7931570762052877 0.7246802521265528 0.7807153965785381 0.700201946025335
0.4199066874027994 0.7216204638639006 0.39502332814930013 0.6696040633988127
0.6049766718506998 0.7216204638639006 0.5800933125972006 0.6696040633988127
