0.7698289269051322 0.8767412410299704 0.7293934681181959 0.8315142012904781
0.16951788491446346 0.605379002593017 0.14774494556765164 0.5661822348187904
0.2693623639191291 0.888741482240849 0.2301710730948678 0.8345293372731111
0.2006220839813375 0.7289995778809624 0.17573872472783825 0.6837725381414701
0.7122861586314152 0.6656817222456732 0.687402799377916 0.6144244105409153
0.31259720062208396 0.6656817222456732 0.28771384136858474 0.6144244105409153
0.2537791601866252 0.605379002593017 0.2304510108864697 0.5631670988361575
0.3328149300155521 0.6717119942109389 0.29237947122861585 0.6295000904540795
0.9160186625194401 0.6656817222456732 0.8911353032659409 0.6144244105409153
0.8833592534992224 0.7651812096725562 0.8631415241057543 0.7229693059156967
0.8818040435458787 0.605379002593017 0.8584758942457231 0.5631670988361575
0.8242612752721618 0.6506060423325092 0.80248833592535 0.6114092745582826
0.8242612752721618 0.7289995778809624 0.7993779160186625 0.6837725381414701
0.8522550544323484 0.605379002593017 0.8304821150855366 0.5661822348187904
0.7698289269051322 0.7410601218114937 0.7371695178849145 0.6807574021588374
0.9300155520995335 0.8435747452210095 0.9082426127527217 0.8043779774467829
0.6049766718506998 0.6656817222456732 0.5800933125972006 0.6144244105409153
0.26283048211508553 0.7410601218114937 0.2301710730948678 0.6807574021588374
0.19751166407465007 0.6506060423325092 0.17573872472783825 0.6114092745582826
0.1088646967340591 0.6656817222456732 0.08398133748055987 0.6144244105409153
0.14152410575427682 0.605379002593017 0.1181959564541213 0.5631670988361575
