0.9614137269177312 0.524339169241332 0.9460917334039314 0.4925506350841057
0.3727083195446423 0.6107449364915895 0.35904096895889864 0.582389289392379
0.3727083195446423 0.5822863027806385 0.35904096895889864 0.5539306556814281
0.9854887815209478 0.5822863027806385 0.9718214309352042 0.5539306556814281
0.9854887815209478 0.6107449364915895 0.9718214309352042 0.582389289392379
0.548232841352836 0.6742533470648815 0.5329108478390363 0.6424648129076553
0.6479085313389371 0.6742533470648815 0.6325865378251373 0.6424648129076553
0.7475842213250381 0.6742533470648815 0.7322622278112383 0.6424648129076553
0.8472599113111391 0.6742533470648815 0.8319379177973394 0.6424648129076553
0.33271559997352573 0.5648815653964985 0.3161526242636839 0.5305183659457604
0.19519822622278113 0.5648815653964985 0.1786352505129393 0.5305183659457604
0.21487193063736845 0.6424648129076553 0.19890462638162684 0.5762100926879505
0.6698490965649613 0.6133882595262616 0.6545271030511616 0.5815997253690354
0.5185650936527897 0.5746309646412633 0.50324310013899 0.5428424304840371
0.6867595472896949 0.6133882595262616 0.6714375537758952 0.5815997253690354
0.6182407836388907 0.5746309646412633 0.602918790125091 0.5428424304840371
0.36779403004831557 0.5087195331273602 0.3395823681249586 0.475866803982149
0.7179164736249918 0.5746309646412633 0.702594480111192 0.5428424304840371
0.39843801707591503 0.5368348781325094 0.38311602356211527 0.5050463439752833
0.060990138328148785 0.6231033299004463 0.0427063339731286 0.5851699279093718
0.8175921636110928 0.5746309646412633 0.802270170097293 0.5428424304840371
0.41888940366668875 0.501750772399588 0.403567410152889 0.46996223824236183
0.3046694023429744 0.6881565396498455 0.2881064266331326 0.6537933401991074
0.27372757958832483 0.6881565396498455 0.257164603878483 0.6537933401991074
0.16445496061949832 0.6881565396498455 0.1478919849096565 0.6537933401991074
0.8388708716658945 0.5746309646412633 0.8235488781520948 0.5428424304840371
0.4482924084982461 0.6742533470648815 0.4329704149844464 0.6424648129076553
0.9409623403269575 0.524339169241332 0.9256403468131578 0.4925506350841057
0.4002084850089351 0.4199450738070718 0.3881957773512476 0.39502231376587715
