0.3002252040912077 0.5901941226118315 0.26503706484001127 0.5697332412593672
0.42455662944543493 0.07544949998721195 0.3870226142441588 0.05626742371927673
0.3557286290700948 0.07544949998721195 0.31819461386881864 0.05626742371927673
0.3002252040912077 0.7829356249520448 0.26503706484001127 0.7624747435995806
0.41282724969503615 0.8206347988439602 0.37763911044383974 0.8001739174914959
0.4691282724969504 0.10706156167676928 0.433940133245754 0.08660068032430501
0.41282724969503615 0.23696258216322663 0.37763911044383974 0.21650170081076248
0.41282724969503615 0.3013120540167268 0.37763911044383974 0.2808511726642625
0.27207469269025053 0.7199672625898361 0.23688655343905415 0.6995063812373719
0.41282724969503615 0.3655336453617739 0.37763911044383974 0.34507276400930975
0.41282724969503615 0.4305225197575385 0.37763911044383974 0.41006163840507426
0.41282724969503615 0.4998337553390112 0.37763911044383974 0.47937287398654693
0.3002252040912077 0.39412772705184274 0.26503706484001127 0.37366684569937847
0.41282724969503615 0.5624440522775518 0.37763911044383974 0.5419831709250875
0.3002252040912077 0.5256144658431162 0.26503706484001127 0.505153584490652
0.41282724969503615 0.6259239366735723 0.37763911044383974 0.605463055321108
0.3002252040912077 0.4593979385662037 0.26503706484001127 0.43893705721373943
0.3002252040912077 0.6551318448042149 0.26503706484001127 0.6346709634517507
0.41282724969503615 0.6912964525946955 0.37763911044383974 0.6708355712422313
0.32368396359200524 0.691577789713292 0.28849582434080884 0.6711169083608277
0.3002252040912077 0.3300340162152485 0.26503706484001127 0.30957313486278426
0.41282724969503615 0.7568735773293435 0.37763911044383974 0.7364126959768792
0.3002252040912077 0.8206347988439602 0.26503706484001127 0.8001739174914959
0.3002252040912077 0.2651474462262462 0.26503706484001127 0.24468656487378193
0.3002252040912077 0.13491393641781124 0.26503706484001127 0.11445305506534698
0.3002252040912077 0.2018465945420599 0.26503706484001127 0.18138571318959562
0.41282724969503615 0.16900687997135477 0.37763911044383974 0.1485459986188905
