0.8449091429584089 0.8457053205340752 0.8151505650449173 0.8368418073156333
0.9165723789140777 0.4936151973668249 0.9015772182613793 0.48471933555999447
0.5074498684515452 0.40463231785722953 0.4938179042218193 0.396545170760111
0.3853347328816609 0.4554438630684253 0.3689763758059899 0.4457392865518831
0.42708943931731125 0.4554438630684253 0.4107310822416402 0.4457392865518831
0.1669370339572229 0.6544281173930273 0.15330506972749702 0.6463409702959086
0.1669370339572229 0.693634606519858 0.15330506972749702 0.6855474594227394
0.2169663426803168 0.7584126547677776 0.20060798560464577 0.7487080782512353
0.900895620049893 0.38764122180618343 0.8872636558201671 0.3795540747090649
0.9472442984309609 0.3755913726314768 0.933612334201235 0.36750422553435824
0.9472442984309609 0.40001455686477483 0.933612334201235 0.3919274097676563
0.9472442984309609 0.4163505940009543 0.933612334201235 0.40826344690383576
0.9472442984309609 0.4696691548122569 0.933612334201235 0.46158200771513835
0.9472442984309609 0.49247490962613116 0.933612334201235 0.4843877625290126
0.9472442984309609 0.5308888583374443 0.933612334201235 0.5228017112403258
0.9472442984309609 0.5532902557964627 0.933612334201235 0.5452031086993441
0.9472442984309609 0.576096010610337 0.933612334201235 0.5680088635132184
0.9472442984309609 0.5989017654242113 0.933612334201235 0.5908146183270928
0.9481985359270417 0.6966672866812774 0.9345665716973158 0.6885801395841589
0.8999413825538122 0.6958747462657598 0.8863094183240863 0.6877875991686413
0.8999413825538122 0.4629002126919687 0.8863094183240863 0.45481306559485013
0.19546873509003912 0.4243164338916161 0.16956800305355998 0.41622928679449755
0.8730864130212522 0.761510032105974 0.8580912523685538 0.7526141702991436
0.8413375683302207 0.750325507670659 0.8249792112545496 0.7406209311541168
0.8418419510067205 0.7631678972608833 0.8268467903540221 0.7542720354540529
0.1669370339572229 0.7094854148302103 0.15330506972749702 0.7013982677330918
0.1669370339572229 0.7334638059731668 0.15330506972749702 0.7253766588760483
0.1669370339572229 0.4879056715162592 0.15330506972749702 0.47981852441914064
0.1669370339572229 0.4472434959119471 0.15330506972749702 0.43915634881482857
0.1669370339572229 0.4717637259104106 0.15330506972749702 0.46367657881329205
0.16695066592145263 0.5513412533460571 0.15331870169172676 0.5432541062489386
0.1669370339572229 0.5757644375793551 0.15330506972749702 0.5676772904822366
0.568125741238055 0.8550378882841501 0.5531305805853566 0.8372461646704892
0.16598279646114208 0.6001876218126532 0.1523508322314162 0.5921004747155346
0.8981692272039478 0.4936151973668249 0.8831740665512494 0.48471933555999447
0.21423994983437164 0.5964028369712017 0.20060798560464577 0.5883156898740831
0.2708943931731123 0.46301343275132834 0.25998882178933164 0.45654371507363345
0.8693376228580776 0.4652373982030359 0.8584320514742969 0.4587676805253411
0.2794825306378396 0.45630110066071994 0.26721376283108633 0.44497909472475394
0.5720244830077565 0.2851042837618173 0.5504178197036411 0.26711846861782573
0.5905230584674945 0.2920915788537277 0.5687391796283927 0.27405724082715344
0.1989857818613084 0.4988799301270491 0.18399062120860996 0.4899840683202187
0.21738893357143832 0.4988799301270491 0.20239377291873986 0.4899840683202187
0.19897214989707868 0.5734515135095792 0.18397698924438022 0.5645556517027488
0.21737530160720858 0.5734515135095792 0.20238014095451012 0.5645556517027488
0.19897214989707868 0.617777166748886 0.18397698924438022 0.6088813049420556
0.21737530160720858 0.617777166748886 0.20238014095451012 0.6088813049420556
0.19897214989707868 0.6872619346073285 0.18397698924438022 0.6783660728004981
0.21737530160720858 0.6872619346073285 0.20238014095451012 0.6783660728004981
0.16422427307550744 0.7775630190937544 0.14786591599983642 0.767858442577212
0.16422427307550744 0.8254551042028904 0.149229112422809 0.8165592423960599
0.18262742478563737 0.8254551042028904 0.1676322641329389 0.8165592423960599
0.1850130185258394 0.855442245639006 0.17001785787314094 0.8465463838321755
0.1850130185258394 0.866359894220116 0.17001785787314094 0.8574640324132856
0.2602887250023856 0.855442245639006 0.24529356434968716 0.8465463838321755
0.2602887250023856 0.866359894220116 0.24529356434968716 0.8574640324132856
0.6651853265537031 0.855442245639006 0.6501901659010046 0.8465463838321755
0.6651853265537031 0.866359894220116 0.6501901659010046 0.8574640324132856
0.7853238273102772 0.855442245639006 0.7703286666575787 0.8465463838321755
0.7853238273102772 0.866359894220116 0.7703286666575787 0.8574640324132856
0.9329307359897487 0.7495491415493356 0.9179355753370503 0.7406532797425052
0.9513338876998787 0.7495491415493356 0.9363387270471802 0.7406532797425052
0.9329307359897487 0.7188665054628678 0.9179355753370503 0.7099706436560375
0.9513338876998787 0.7188665054628678 0.9363387270471802 0.7099706436560375
0.8981692272039478 0.6600163360371362 0.8831740665512494 0.6511204742303058
0.9165723789140777 0.6600163360371362 0.9015772182613793 0.6511204742303058
0.8981692272039478 0.5588865615876687 0.8831740665512494 0.5499906997808384
0.9165723789140777 0.5588865615876687 0.9015772182613793 0.5499906997808384
0.8981692272039478 0.5959984796163458 0.8831740665512494 0.5871026178095153
0.9165723789140777 0.5959984796163458 0.9015772182613793 0.5871026178095153
0.9329307359897487 0.7770292673853445 0.9179355753370503 0.7681334055785141
0.9513338876998787 0.7770292673853445 0.9363387270471802 0.7681334055785141
0.9329307359897487 0.8076633805892295 0.9179355753370503 0.7987675187823992
0.9513338876998787 0.8076633805892295 0.9363387270471802 0.7987675187823992
0.8999277505895824 0.40745473219412387 0.8876589827828292 0.3961327262581579
0.8333356053273716 0.40745473219412387 0.8210668375206184 0.3961327262581579
0.27550199708275963 0.4394151375219364 0.25641724716114345 0.43213670513452973
0.39952560764480555 0.855442245639006 0.3858936434150797 0.8473550985418874
0.39952560764480555 0.8655511795104041 0.3858936434150797 0.8574640324132856
0.43316929536376897 0.855442245639006 0.4195373311340431 0.8473550985418874
0.43316929536376897 0.8655511795104041 0.4195373311340431 0.8574640324132856
0.2990852952001854 0.855442245639006 0.28409013454748694 0.8465463838321755
0.2990852952001854 0.866359894220116 0.28409013454748694 0.8574640324132856
0.5367176956527666 0.855442245639006 0.5217225350000682 0.8465463838321755
0.5367176956527666 0.866359894220116 0.5217225350000682 0.8574640324132856
0.2367326908134193 0.46301343275132834 0.2123860026991289 0.4557673489523101
0.2816636449145957 0.40588582565728293 0.2653052878389247 0.3961812491407406
0.9481985359270417 0.8541321278092727 0.9345665716973158 0.8379578336150356
0.8947612361465164 0.8034984998342135 0.8813746472729256 0.7839842138888664
0.8787436781765885 0.817448828576743 0.8692013032157804 0.8117878256087601
0.8787436781765885 0.8260131173525915 0.8692013032157804 0.8203521143846085
0.8787436781765885 0.8346663647465083 0.8692013032157804 0.8290053617785254
0.8999413825538122 0.8191956523497206 0.8890358111700315 0.8127259346720257
0.24273075507449868 0.8247110866699554 0.23318838011369059 0.8190500837019725
0.25799855501179164 0.8247110866699554 0.24845618005098355 0.8190500837019725
0.2274629551372057 0.8247110866699554 0.21792058017639762 0.8190500837019725
0.21219515519991275 0.8247110866699554 0.20265278023910466 0.8190500837019725
0.21151355698842647 0.8329195409735308 0.20060798560464577 0.8264498232958359
0.27122156031462574 0.8329195409735308 0.2616791853538176 0.8272585380055477
0.21695271071608707 0.7737297113697201 0.20059435364041606 0.7640251348531779
0.6040050710906935 0.40301488843780575 0.5930994997069128 0.396545170760111
0.873345420341617 0.855442245639006 0.8583502596889185 0.8465463838321755
0.873345420341617 0.866359894220116 0.8583502596889185 0.8574640324132856
0.9247515574519133 0.855442245639006 0.9097563967992148 0.8465463838321755
0.9247515574519133 0.866359894220116 0.9097563967992148 0.8574640324132856
