0.24804520211090542 0.8245180825311496 0.2383748238609676 0.8188508464421902
0.21709999171110436 0.8245180825311496 0.20742961346116653 0.8188508464421902
0.20162738651120382 0.8245180825311496 0.191957008261266 0.8188508464421902
0.20093664520763685 0.8327355748601407 0.18988478435056502 0.8262587336156156
0.261445583400105 0.8327355748601407 0.25177520515016716 0.8270683387711812
0.8771171220954328 0.8173692690075051 0.867446743845495 0.8117020329185456
0.8771171220954328 0.8258134507800545 0.867446743845495 0.8201462146910952
0.8771171220954328 0.8344762259446068 0.867446743845495 0.8288089898556474
0.8985853618102948 0.8189884793186363 0.887533500953223 0.8125116380741113
0.20646257563617273 0.7733348445962904 0.18988478435056502 0.7636195827295028
0.2610311386179648 0.4624221767044212 0.249979277760893 0.45594533545989624
0.8675020031497803 0.46464049483067105 0.8564501422927085 0.4581636535861461
0.8801149393529135 0.7673194782904378 0.8742160086204515 0.7638543682246168
0.88822424225679 0.7767028020434434 0.8744094161854502 0.7682019479100043
0.8985853618102948 0.6945764550628659 0.884770535738955 0.6864804035072095
0.8985853618102948 0.4600743217532809 0.884770535738955 0.4519782701976246
0.15576216395435583 0.5405085939587263 0.14194733788301606 0.53241254240307
0.15576216395435583 0.4788976416201819 0.14194733788301606 0.4708015900645255
0.2036996104219048 0.7538800327080483 0.18988478435056502 0.745783981152392
0.8713701544497555 0.7619517961090376 0.8547923631641478 0.7522365342422501
0.8391125355731771 0.7500586963737785 0.8225347442875695 0.7403434345069909
0.8396374989638881 0.762907130192605 0.8244411902854143 0.7540014734813831
0.25691432044870555 0.4186954022523215 0.24586245959163375 0.4122185610077965
0.15576216395435583 0.4343693580640722 0.14194733788301606 0.4262733065084159
0.15576216395435583 0.40676182225928414 0.14194733788301606 0.39866577070362785
0.15576216395435583 0.39040779811685844 0.14194733788301606 0.38231174656120215
0.202732572596911 0.3869426880510375 0.18891774652557125 0.3788466364953812
0.9182024148315973 0.3896386732190711 0.9016246235459896 0.37992341135228347
0.562332495233885 0.8548782758648608 0.5471361865554113 0.8370669624424169
0.15576216395435583 0.4581717496377017 0.14194733788301606 0.4500756980820454
0.8940679136849667 0.8032983314037744 0.8804879396568397 0.7837544629484201
0.2036996104219048 0.5959503550118608 0.18988478435056502 0.5878543034562045
0.4085044069295168 0.8552830784426435 0.394689580858177 0.8471870268869872
0.4085044069295168 0.8654031428872139 0.394689580858177 0.8573070913315576
0.15299919874008786 0.7036926091145348 0.13780289006161411 0.6947869524033129
0.17164921393639654 0.7036926091145348 0.1564529052579228 0.6947869524033129
0.15299919874008786 0.7926682157111976 0.13780289006161411 0.7837625589999757
0.17164921393639654 0.7926682157111976 0.1564529052579228 0.7837625589999757
0.17489569806316138 0.8552830784426435 0.15969938938468764 0.8463774217314216
0.17489569806316138 0.8662127480427795 0.15969938938468764 0.8573070913315576
0.25118116762909953 0.8552830784426435 0.23598485895062582 0.8463774217314216
0.25118116762909953 0.8662127480427795 0.23598485895062582 0.8573070913315576
0.28584256624209103 0.8552830784426435 0.27064625756361727 0.8463774217314216
0.28584256624209103 0.8662127480427795 0.27064625756361727 0.8573070913315576
0.6750614759760175 0.8552830784426435 0.6598651672975437 0.8463774217314216
0.6750614759760175 0.8662127480427795 0.6598651672975437 0.8573070913315576
0.7874174564142238 0.8552830784426435 0.77222114773575 0.8463774217314216
0.7874174564142238 0.8662127480427795 0.77222114773575 0.8573070913315576
0.8643936672837289 0.8552830784426435 0.8491973586052551 0.8463774217314216
0.8643936672837289 0.8662127480427795 0.8491973586052551 0.8573070913315576
0.9076478877130937 0.8552830784426435 0.8924515790346199 0.8463774217314216
0.9076478877130937 0.8662127480427795 0.8924515790346199 0.8573070913315576
0.9506672560992457 0.8186565412048544 0.935470947420772 0.8097508844936324
0.932017240902937 0.8186565412048544 0.9168209322244633 0.8097508844936324
0.9506672560992457 0.4929280989661342 0.935470947420772 0.4840224422549123
0.932017240902937 0.4929280989661342 0.9168209322244633 0.4840224422549123
0.9506672560992457 0.5278544653772355 0.935470947420772 0.5189488086660136
0.932017240902937 0.5278544653772355 0.9168209322244633 0.5189488086660136
0.9506672560992457 0.5640519118825749 0.935470947420772 0.5551462551713529
0.932017240902937 0.5640519118825749 0.9168209322244633 0.5551462551713529
0.9506672560992457 0.5989782782936761 0.935470947420772 0.5900726215824542
0.932017240902937 0.5989782782936761 0.9168209322244633 0.5900726215824542
0.9506672560992457 0.6273954192540299 0.935470947420772 0.6184897625428079
0.932017240902937 0.6273954192540299 0.9168209322244633 0.6184897625428079
0.9506672560992457 0.6518940712614458 0.935470947420772 0.6429884145502238
0.932017240902937 0.6518940712614458 0.9168209322244633 0.6429884145502238
0.9506672560992457 0.4557186460163378 0.935470947420772 0.4468129893051159
0.932017240902937 0.4557186460163378 0.9168209322244633 0.4468129893051159
0.9506672560992457 0.6775990349506545 0.935470947420772 0.6686933782394326
0.932017240902937 0.6775990349506545 0.9168209322244633 0.6686933782394326
0.9506672560992457 0.7020895909065149 0.935470947420772 0.693183934195293
0.932017240902937 0.7020895909065149 0.9168209322244633 0.693183934195293
0.9506672560992457 0.7603730660556847 0.935470947420772 0.7514674093444627
0.932017240902937 0.7603730660556847 0.9168209322244633 0.7514674093444627
0.9506672560992457 0.7913080790498475 0.935470947420772 0.7824024223386254
0.932017240902937 0.7913080790498475 0.9168209322244633 0.7824024223386254
0.2710745171718288 0.4276901155306557 0.260022656314757 0.42121327428613065
0.8985853618102948 0.4068184946201737 0.886152018346089 0.3954840224422549
0.8298566021053795 0.4381259259858967 0.8174232586411737 0.4267914538079779
0.26980355317326554 0.45559720524300296 0.25737020970905977 0.4442627330650841
0.2659354018732904 0.43879789826501614 0.24659464537341474 0.43151145186492545
0.15299919874008786 0.7345304694900296 0.13780289006161411 0.7256248127788077
0.17164921393639654 0.7345304694900296 0.1564529052579228 0.7256248127788077
0.15299919874008786 0.7618384513872585 0.13780289006161411 0.7529327946760365
0.17164921393639654 0.7618384513872585 0.1564529052579228 0.7529327946760365
0.15299919874008786 0.8212715658573314 0.13780289006161411 0.8123659091461095
0.17164921393639654 0.8212715658573314 0.1564529052579228 0.8123659091461095
0.15299919874008786 0.8416493276229183 0.13780289006161411 0.8327436709116964
0.17164921393639654 0.8416493276229183 0.1564529052579228 0.8327436709116964
0.5325753598762192 0.8552830784426435 0.5173790511977454 0.8463774217314216
0.5325753598762192 0.8662127480427795 0.5173790511977454 0.8573070913315576
0.2264940734396154 0.4624221767044212 0.20180697925013125 0.45516001845899756
0.15299919874008786 0.6586785624650857 0.13780289006161411 0.6497729057538638
0.17164921393639654 0.6586785624650857 0.1564529052579228 0.6497729057538638
0.9154394496173294 0.4930576357910247 0.9002431409388556 0.4841519790798028
0.8967894344210207 0.4930576357910247 0.8815931257425469 0.4841519790798028
0.18822700522200425 0.4983200693022013 0.1730306965435305 0.4894144125909794
0.20687702041831293 0.4983200693022013 0.1916807117398392 0.4894144125909794
0.18822700522200425 0.5729818567484637 0.1730306965435305 0.5640762000372419
0.20687702041831293 0.5729818567484637 0.1916807117398392 0.5640762000372419
0.18822700522200425 0.6173482192734603 0.1730306965435305 0.6084425625622384
0.20687702041831293 0.6173482192734603 0.1916807117398392 0.6084425625622384
0.18822700522200425 0.6869094942396593 0.1730306965435305 0.6780038375284374
0.20687702041831293 0.6869094942396593 0.1916807117398392 0.6780038375284374
0.8967894344210207 0.6596338965486532 0.8815931257425469 0.6507282398374312
0.9154394496173294 0.6596338965486532 0.9002431409388556 0.6507282398374312
0.8967894344210207 0.5583927718451711 0.8815931257425469 0.5494871151339491
0.9154394496173294 0.5583927718451711 0.9002431409388556 0.5494871151339491
0.8967894344210207 0.5955536484856336 0.8815931257425469 0.5866479917744116
0.9154394496173294 0.5955536484856336 0.9002431409388556 0.5866479917744116
0.8428287237863675 0.8455354323696334 0.8126571436465615 0.836662159864634
0.9506672560992457 0.7330246039006776 0.935470947420772 0.7241189471894557
0.932017240902937 0.7330246039006776 0.9168209322244633 0.7241189471894557
0.15299919874008786 0.5872228114348632 0.1391843726687481 0.5791267598792069
0.17026773132926257 0.5872228114348632 0.1564529052579228 0.5791267598792069
0.2325725969110049 0.8245180825311496 0.22290221866106705 0.8188508464421902
