0.8449091429584089 0.15429467946592482 0.8151505650449173 0.16315819268436674
0.9165723789140777 0.5063848026331751 0.9015772182613793 0.5152806644400055
0.5074498684515452 0.5953676821427705 0.4938179042218193 0.603454829239889
0.3853347328816609 0.5445561369315747 0.3689763758059899 0.5542607134481169
0.42708943931731125 0.5445561369315747 0.4107310822416402 0.5542607134481169
0.1669370339572229 0.34557188260697275 0.15330506972749702 0.3536590297040913
0.1669370339572229 0.306365393480142 0.15330506972749702 0.3144525405772606
0.2169663426803168 0.24158734523222242 0.20060798560464577 0.2512919217487647
0.900895620049893 0.6123587781938166 0.8872636558201671 0.6204459252909351
0.9472442984309609 0.6244086273685232 0.933612334201235 0.6324957744656418
0.9472442984309609 0.5999854431352252 0.933612334201235 0.6080725902323437
0.9472442984309609 0.5836494059990457 0.933612334201235 0.5917365530961642
0.9472442984309609 0.5303308451877431 0.933612334201235 0.5384179922848616
0.9472442984309609 0.5075250903738688 0.933612334201235 0.5156122374709874
0.9472442984309609 0.4691111416625557 0.933612334201235 0.47719828875967424
0.9472442984309609 0.4467097442035373 0.933612334201235 0.45479689130065587
0.9472442984309609 0.423903989389663 0.933612334201235 0.43199113648678156
0.9472442984309609 0.4010982345757887 0.933612334201235 0.40918538167290724
0.9481985359270417 0.3033327133187226 0.9345665716973158 0.3114198604158411
0.8999413825538122 0.30412525373424015 0.8863094183240863 0.3122124008313587
0.8999413825538122 0.5370997873080313 0.8863094183240863 0.5451869344051499
0.19546873509003912 0.5756835661083839 0.16956800305355998 0.5837707132055024
0.8730864130212522 0.23848996789402602 0.8580912523685538 0.24738582970085643
0.8413375683302207 0.24967449232934097 0.8249792112545496 0.25937906884588324
0.8418419510067205 0.23683210273911673 0.8268467903540221 0.24572796454594711
0.1669370339572229 0.2905145851697897 0.15330506972749702 0.2986017322669082
0.1669370339572229 0.26653619402683315 0.15330506972749702 0.2746233411239517
0.1669370339572229 0.5120943284837408 0.15330506972749702 0.5201814755808594
0.1669370339572229 0.5527565040880529 0.15330506972749702 0.5608436511851714
0.1669370339572229 0.5282362740895894 0.15330506972749702 0.536323421186708
0.16695066592145263 0.4486587466539429 0.15331870169172676 0.45674589375106145
0.1669370339572229 0.42423556242064486 0.15330506972749702 0.4323227095177634
0.568125741238055 0.14496211171585 0.5531305805853566 0.16275383532951082
0.16598279646114208 0.39981237818734683 0.1523508322314162 0.4078995252844654
0.8981692272039478 0.5063848026331751 0.8831740665512494 0.5152806644400055
0.21423994983437164 0.40359716302879833 0.20060798560464577 0.4116843101259169
0.2708943931731123 0.5369865672486717 0.25998882178933164 0.5434562849263666
0.8693376228580776 0.5347626017969641 0.8584320514742969 0.5412323194746589
0.2794825306378396 0.5436988993392801 0.26721376283108633 0.5550209052752461
0.5720244830077565 0.7148957162381827 0.5504178197036411 0.7328815313821743
0.5905230584674945 0.7079084211462723 0.5687391796283927 0.7259427591728466
0.1989857818613084 0.5011200698729509 0.18399062120860996 0.5100159316797813
0.21738893357143832 0.5011200698729509 0.20239377291873986 0.5100159316797813
0.19897214989707868 0.42654848649042076 0.18397698924438022 0.4354443482972512
0.21737530160720858 0.42654848649042076 0.20238014095451012 0.4354443482972512
0.19897214989707868 0.382222833251114 0.18397698924438022 0.3911186950579444
0.21737530160720858 0.382222833251114 0.20238014095451012 0.3911186950579444
0.19897214989707868 0.3127380653926714 0.18397698924438022 0.32163392719950185
0.21737530160720858 0.3127380653926714 0.20238014095451012 0.32163392719950185
0.16422427307550744 0.2224369809062457 0.14786591599983642 0.23214155742278797
0.16422427307550744 0.17454489579710966 0.149229112422809 0.18344075760394005
0.18262742478563737 0.17454489579710966 0.1676322641329389 0.18344075760394005
0.1850130185258394 0.14455775436099408 0.17001785787314094 0.15345361616782446
0.1850130185258394 0.13364010577988403 0.17001785787314094 0.14253596758671444
0.2602887250023856 0.14455775436099408 0.24529356434968716 0.15345361616782446
0.2602887250023856 0.13364010577988403 0.24529356434968716 0.14253596758671444
0.6651853265537031 0.14455775436099408 0.6501901659010046 0.15345361616782446
0.6651853265537031 0.13364010577988403 0.6501901659010046 0.14253596758671444
0.7853238273102772 0.14455775436099408 0.7703286666575787 0.15345361616782446
0.7853238273102772 0.13364010577988403 0.7703286666575787 0.14253596758671444
0.9329307359897487 0.25045085845066434 0.9179355753370503 0.2593467202574948
0.9513338876998787 0.25045085845066434 0.9363387270471802 0.2593467202574948
0.9329307359897487 0.28113349453713216 0.9179355753370503 0.29002935634396254
0.9513338876998787 0.28113349453713216 0.9363387270471802 0.29002935634396254
0.8981692272039478 0.33998366396286384 0.8831740665512494 0.3488795257696942
0.9165723789140777 0.33998366396286384 0.9015772182613793 0.3488795257696942
0.8981692272039478 0.4411134384123313 0.8831740665512494 0.4500093002191617
0.9165723789140777 0.4411134384123313 0.9015772182613793 0.4500093002191617
0.8981692272039478 0.4040015203836543 0.8831740665512494 0.41289738219048466
0.9165723789140777 0.4040015203836543 0.9015772182613793 0.41289738219048466
0.9329307359897487 0.22297073261465553 0.9179355753370503 0.23186659442148594
0.9513338876998787 0.22297073261465553 0.9363387270471802 0.23186659442148594
0.9329307359897487 0.19233661941077046 0.9179355753370503 0.20123248121760087
0.9513338876998787 0.19233661941077046 0.9363387270471802 0.20123248121760087
0.8999277505895824 0.5925452678058761 0.8876589827828292 0.6038672737418421
0.8333356053273716 0.5925452678058761 0.8210668375206184 0.6038672737418421
0.27550199708275963 0.5605848624780636 0.25641724716114345 0.5678632948654703
0.39952560764480555 0.14455775436099408 0.3858936434150797 0.15264490145811263
0.39952560764480555 0.1344488204895959 0.3858936434150797 0.14253596758671444
0.43316929536376897 0.14455775436099408 0.4195373311340431 0.15264490145811263
0.43316929536376897 0.1344488204895959 0.4195373311340431 0.14253596758671444
0.2990852952001854 0.14455775436099408 0.28409013454748694 0.15345361616782446
0.2990852952001854 0.13364010577988403 0.28409013454748694 0.14253596758671444
0.5367176956527666 0.14455775436099408 0.5217225350000682 0.15345361616782446
0.5367176956527666 0.13364010577988403 0.5217225350000682 0.14253596758671444
0.2367326908134193 0.5369865672486717 0.2123860026991289 0.5442326510476899
0.2816636449145957 0.5941141743427171 0.2653052878389247 0.6038187508592594
0.9481985359270417 0.14586787219072728 0.9345665716973158 0.16204216638496438
0.8947612361465164 0.19650150016578652 0.8813746472729256 0.21601578611113356
0.8787436781765885 0.18255117142325702 0.8692013032157804 0.18821217439124
0.8787436781765885 0.17398688264740847 0.8692013032157804 0.17964788561539147
0.8787436781765885 0.16533363525349162 0.8692013032157804 0.17099463822147462
0.8999413825538122 0.18080434765027942 0.8890358111700315 0.18727406532797425
0.24273075507449868 0.17528891333004457 0.23318838011369059 0.18094991629802754
0.25799855501179164 0.17528891333004457 0.24845618005098355 0.18094991629802754
0.2274629551372057 0.17528891333004457 0.21792058017639762 0.18094991629802754
0.21219515519991275 0.17528891333004457 0.20265278023910466 0.18094991629802754
0.21151355698842647 0.16708045902646923 0.20060798560464577 0.17355017670416406
0.27122156031462574 0.16708045902646923 0.2616791853538176 0.17274146199445223
0.21695271071608707 0.2262702886302799 0.20059435364041606 0.23597486514682214
0.6040050710906935 0.5969851115621942 0.5930994997069128 0.603454829239889
0.873345420341617 0.14455775436099408 0.8583502596889185 0.15345361616782446
0.873345420341617 0.13364010577988403 0.8583502596889185 0.14253596758671444
0.9247515574519133 0.14455775436099408 0.9097563967992148 0.15345361616782446
0.9247515574519133 0.13364010577988403 0.9097563967992148 0.14253596758671444
