0.24804520211090542 0.17548191746885045 0.2383748238609676 0.18114915355780986
0.21709999171110436 0.17548191746885045 0.20742961346116653 0.18114915355780986
0.20162738651120382 0.17548191746885045 0.191957008261266 0.18114915355780986
0.20093664520763685 0.16726442513985929 0.18988478435056502 0.17374126638438434
0.261445583400105 0.16726442513985929 0.25177520515016716 0.1729316612288187
0.8771171220954328 0.18263073099249497 0.867446743845495 0.18829796708145438
0.8771171220954328 0.17418654921994542 0.867446743845495 0.17985378530890483
0.8771171220954328 0.16552377405539317 0.867446743845495 0.1711910101443526
0.8985853618102948 0.1810115206813637 0.887533500953223 0.18748836192588875
0.20646257563617273 0.2266651554037096 0.18988478435056502 0.2363804172704972
0.2610311386179648 0.5375778232955788 0.249979277760893 0.5440546645401038
0.8675020031497803 0.535359505169329 0.8564501422927085 0.5418363464138539
0.8801149393529135 0.23268052170956224 0.8742160086204515 0.23614563177538314
0.88822424225679 0.2232971979565566 0.8744094161854502 0.2317980520899957
0.8985853618102948 0.30542354493713414 0.884770535738955 0.3135195964927905
0.8985853618102948 0.5399256782467191 0.884770535738955 0.5480217298023754
0.15576216395435583 0.4594914060412737 0.14194733788301606 0.46758745759693
0.15576216395435583 0.5211023583798181 0.14194733788301606 0.5291984099354745
0.2036996104219048 0.2461199672919517 0.18988478435056502 0.254216018847608
0.8713701544497555 0.23804820389096237 0.8547923631641478 0.24776346575774993
0.8391125355731771 0.2499413036262215 0.8225347442875695 0.2596565654930091
0.8396374989638881 0.23709286980739494 0.8244411902854143 0.24599852651861687
0.25691432044870555 0.5813045977476785 0.24586245959163375 0.5877814389922035
0.15576216395435583 0.5656306419359278 0.14194733788301606 0.5737266934915841
0.15576216395435583 0.5932381777407159 0.14194733788301606 0.6013342292963721
0.15576216395435583 0.6095922018831416 0.14194733788301606 0.6176882534387979
0.202732572596911 0.6130573119489625 0.18891774652557125 0.6211533635046188
0.9182024148315973 0.6103613267809289 0.9016246235459896 0.6200765886477165
0.562332495233885 0.1451217241351393 0.5471361865554113 0.16293303755758318
0.15576216395435583 0.5418282503622983 0.14194733788301606 0.5499243019179546
0.8940679136849667 0.19670166859622562 0.8804879396568397 0.21624553705157995
0.2036996104219048 0.4040496449881393 0.18988478435056502 0.41214569654379557
0.4085044069295168 0.14471692155735646 0.394689580858177 0.15281297311301278
0.4085044069295168 0.1345968571127861 0.394689580858177 0.1426929086684424
0.15299919874008786 0.29630739088546515 0.13780289006161411 0.3052130475966871
0.17164921393639654 0.29630739088546515 0.1564529052579228 0.3052130475966871
0.15299919874008786 0.20733178428880236 0.13780289006161411 0.2162374410000243
0.17164921393639654 0.20733178428880236 0.1564529052579228 0.2162374410000243
0.17489569806316138 0.14471692155735646 0.15969938938468764 0.15362257826857842
0.17489569806316138 0.13378725195722047 0.15969938938468764 0.1426929086684424
0.25118116762909953 0.14471692155735646 0.23598485895062582 0.15362257826857842
0.25118116762909953 0.13378725195722047 0.23598485895062582 0.1426929086684424
0.28584256624209103 0.14471692155735646 0.27064625756361727 0.15362257826857842
0.28584256624209103 0.13378725195722047 0.27064625756361727 0.1426929086684424
0.6750614759760175 0.14471692155735646 0.6598651672975437 0.15362257826857842
0.6750614759760175 0.13378725195722047 0.6598651672975437 0.1426929086684424
0.7874174564142238 0.14471692155735646 0.77222114773575 0.15362257826857842
0.7874174564142238 0.13378725195722047 0.77222114773575 0.1426929086684424
0.8643936672837289 0.14471692155735646 0.8491973586052551 0.15362257826857842
0.8643936672837289 0.13378725195722047 0.8491973586052551 0.1426929086684424
0.9076478877130937 0.14471692155735646 0.8924515790346199 0.15362257826857842
0.9076478877130937 0.13378725195722047 0.8924515790346199 0.1426929086684424
0.9506672560992457 0.1813434587951456 0.935470947420772 0.19024911550636756
0.932017240902937 0.1813434587951456 0.9168209322244633 0.19024911550636756
0.9506672560992457 0.5070719010338658 0.935470947420772 0.5159775577450877
0.932017240902937 0.5070719010338658 0.9168209322244633 0.5159775577450877
0.9506672560992457 0.4721455346227645 0.935470947420772 0.48105119133398644
0.932017240902937 0.4721455346227645 0.9168209322244633 0.48105119133398644
0.9506672560992457 0.43594808811742514 0.935470947420772 0.4448537448286471
0.932017240902937 0.43594808811742514 0.9168209322244633 0.4448537448286471
0.9506672560992457 0.40102172170632383 0.935470947420772 0.4099273784175458
0.932017240902937 0.40102172170632383 0.9168209322244633 0.4099273784175458
0.9506672560992457 0.3726045807459702 0.935470947420772 0.38151023745719215
0.932017240902937 0.3726045807459702 0.9168209322244633 0.38151023745719215
0.9506672560992457 0.3481059287385542 0.935470947420772 0.3570115854497761
0.932017240902937 0.3481059287385542 0.9168209322244633 0.3570115854497761
0.9506672560992457 0.5442813539836622 0.935470947420772 0.5531870106948841
0.932017240902937 0.5442813539836622 0.9168209322244633 0.5531870106948841
0.9506672560992457 0.32240096504934546 0.935470947420772 0.33130662176056735
0.932017240902937 0.32240096504934546 0.9168209322244633 0.33130662176056735
0.9506672560992457 0.2979104090934851 0.935470947420772 0.30681606580470705
0.932017240902937 0.2979104090934851 0.9168209322244633 0.30681606580470705
0.9506672560992457 0.23962693394431536 0.935470947420772 0.2485325906555373
0.932017240902937 0.23962693394431536 0.9168209322244633 0.2485325906555373
0.9506672560992457 0.2086919209501526 0.935470947420772 0.21759757766137455
0.932017240902937 0.2086919209501526 0.9168209322244633 0.21759757766137455
0.2710745171718288 0.5723098844693443 0.260022656314757 0.5787867257138694
0.8985853618102948 0.5931815053798263 0.886152018346089 0.6045159775577451
0.8298566021053795 0.5618740740141033 0.8174232586411737 0.5732085461920221
0.26980355317326554 0.544402794756997 0.25737020970905977 0.5557372669349159
0.2659354018732904 0.5612021017349839 0.24659464537341474 0.5684885481350745
0.15299919874008786 0.2654695305099703 0.13780289006161411 0.27437518722119225
0.17164921393639654 0.2654695305099703 0.1564529052579228 0.27437518722119225
0.15299919874008786 0.23816154861274155 0.13780289006161411 0.2470672053239635
0.17164921393639654 0.23816154861274155 0.1564529052579228 0.2470672053239635
0.15299919874008786 0.17872843414266862 0.13780289006161411 0.18763409085389054
0.17164921393639654 0.17872843414266862 0.1564529052579228 0.18763409085389054
0.15299919874008786 0.1583506723770817 0.13780289006161411 0.16725632908830362
0.17164921393639654 0.1583506723770817 0.1564529052579228 0.16725632908830362
0.5325753598762192 0.14471692155735646 0.5173790511977454 0.15362257826857842
0.5325753598762192 0.13378725195722047 0.5173790511977454 0.1426929086684424
0.2264940734396154 0.5375778232955788 0.20180697925013125 0.5448399815410024
0.15299919874008786 0.34132143753491423 0.13780289006161411 0.3502270942461362
0.17164921393639654 0.34132143753491423 0.1564529052579228 0.3502270942461362
0.9154394496173294 0.5069423642089753 0.9002431409388556 0.5158480209201972
0.8967894344210207 0.5069423642089753 0.8815931257425469 0.5158480209201972
0.18822700522200425 0.5016799306977987 0.1730306965435305 0.5105855874090206
0.20687702041831293 0.5016799306977987 0.1916807117398392 0.5105855874090206
0.18822700522200425 0.42701814325153625 0.1730306965435305 0.43592379996275815
0.20687702041831293 0.42701814325153625 0.1916807117398392 0.43592379996275815
0.18822700522200425 0.38265178072653966 0.1730306965435305 0.3915574374377616
0.20687702041831293 0.38265178072653966 0.1916807117398392 0.3915574374377616
0.18822700522200425 0.3130905057603407 0.1730306965435305 0.3219961624715626
0.20687702041831293 0.3130905057603407 0.1916807117398392 0.3219961624715626
0.8967894344210207 0.34036610345134677 0.8815931257425469 0.3492717601625687
0.9154394496173294 0.34036610345134677 0.9002431409388556 0.3492717601625687
0.8967894344210207 0.4416072281548289 0.8815931257425469 0.45051288486605084
0.9154394496173294 0.4416072281548289 0.9002431409388556 0.45051288486605084
0.8967894344210207 0.4044463515143664 0.8815931257425469 0.4133520082255884
0.9154394496173294 0.4044463515143664 0.9002431409388556 0.4133520082255884
0.8428287237863675 0.15446456763036667 0.8126571436465615 0.16333784013536598
0.9506672560992457 0.26697539609932236 0.935470947420772 0.2758810528105443
0.932017240902937 0.26697539609932236 0.9168209322244633 0.2758810528105443
0.15299919874008786 0.4127771885651368 0.1391843726687481 0.4208732401207931
0.17026773132926257 0.4127771885651368 0.1564529052579228 0.4208732401207931
0.2325725969110049 0.17548191746885045 0.22290221866106705 0.18114915355780986
