0.99986732006073 0.8983134920634921 0.4059918557300756 0.8905753968253968 0.4029668411867365
0.9998657703399658 0.6507936507936508 0.15404304828388599 0.6452380952380953 0.14979639325189065
0.9997593760490417 0.2567460317460317 0.4181500872600349 0.2421626984126984 0.4130308318789994
0.9996477365493774 0.4076388888888889 0.8542757417102966 0.39672619047619045 0.8483420593368237
0.9996293783187866 0.20376984126984127 0.5956369982547993 0.19027777777777777 0.5891215823152995
0.9996083378791809 0.14702380952380953 0.42210587550901685 0.135515873015873 0.41721931355439207
0.9995773434638977 0.25277777777777777 0.437696335078534 0.24573412698412697 0.4348458406050029
0.9995661377906799 0.8637896825396826 0.8535776614310646 0.851984126984127 0.8473531122745782
0.9995417594909668 0.15089285714285713 0.47835951134380456 0.1421626984126984 0.4710296684118674
0.9995126724243164 0.15069444444444444 0.43461314717859223 0.14117063492063492 0.42635253054101224
0.9995125532150269 0.7880952380952381 0.8544502617801047 0.7740079365079365 0.8462478184991274
0.9994186162948608 0.25069444444444444 0.8554973821989529 0.23779761904761904 0.847760325770797
0.9994008541107178 0.26478174603174603 0.45410122164048866 0.25575396825396823 0.4493891797556719
0.9993946552276611 0.14970238095238095 0.5878999418266434 0.14027777777777778 0.5787667248400232
0.999354898929596 0.2810515873015873 0.8522978475858057 0.2708333333333333 0.8485747527632345
0.9993475079536438 0.8660714285714286 0.4627690517742874 0.8601190476190477 0.45922047702152413
0.9993368983268738 0.878968253968254 0.7674229203025015 0.8718253968253968 0.7649214659685863
0.9993118047714233 0.15128968253968253 0.3911576497963932 0.1427579365079365 0.3819080860965678
0.9992714524269104 0.8413690476190476 0.8262943571844096 0.8348214285714286 0.8233275159976731
0.999183714389801 0.16944444444444445 0.660325770796975 0.15892857142857142 0.6509016870273415
0.9991371035575867 0.91875 0.387434554973822 0.9040674603174603 0.3803955788248982
0.9991119503974915 0.8409722222222222 0.43833624200116345 0.8340277777777778 0.4316463059918557
0.9990625977516174 0.15188492063492062 0.5415939499709134 0.14375 0.5319953461314718
0.9990590214729309 0.2259920634920635 0.4619546247818499 0.21537698412698414 0.45654450261780105
0.9989380240440369 0.89375 0.4598603839441536 0.8853174603174603 0.452065154159395
0.9988701939582825 0.20228174603174603 0.6867364746945899 0.19325396825396826 0.6772542175683537
0.9988107681274414 0.18244047619047618 0.6175101803374055 0.173015873015873 0.6079697498545666
0.9988006353378296 0.9265873015873016 0.5275159976730658 0.9185515873015873 0.5183827806864456
0.9987984895706177 0.18134920634920634 0.5712041884816754 0.17311507936507936 0.5638743455497383
0.9987892508506775 0.5295634920634921 0.8541593949970914 0.5169642857142858 0.847760325770797
0.9987744688987732 0.8918650793650794 0.5961023851076207 0.8830357142857143 0.5863292611983711
0.9984636306762695 0.9274801587301588 0.6777777777777778 0.919047619047619 0.668760907504363
0.9984630346298218 0.6714285714285714 0.854043048283886 0.6591269841269841 0.847760325770797
0.9984094500541687 0.15099206349206348 0.4596276905177429 0.14265873015873015 0.45165794066317627
0.9983553290367126 0.8383928571428572 0.7131471785922048 0.8338293650793651 0.7104712041884816
0.9983408451080322 0.15128968253968253 0.4075625363583479 0.14325396825396824 0.40005817335660265
0.9983341097831726 0.1484126984126984 0.6598603839441536 0.1392857142857143 0.6486329261198371
0.9983201622962952 0.47490079365079363 0.7766724840023269 0.46765873015873016 0.7720767888307155
0.9982865452766418 0.18323412698412697 0.49819662594531705 0.17390873015873015 0.4884235020360675
0.9982388019561768 0.16835317460317462 0.8431646305991856 0.16031746031746033 0.8344968004653869
0.9982163310050964 0.1699404761904762 0.7943571844095404 0.15833333333333333 0.7859220477021525
0.9982119798660278 0.14910714285714285 0.7046538685282141 0.13878968253968255 0.6948225712623618
0.9982017278671265 0.25992063492063494 0.8336823734729494 0.25049603174603174 0.8276323443862711
0.9981698989868164 0.2003968253968254 0.7557300756253635 0.19047619047619047 0.7471785922047702
0.9981398582458496 0.9975198412698413 0.6552065154159395 0.9912698412698413 0.6525305410122164
0.9981175661087036 0.26160714285714287 0.8070971495055265 0.2567460317460317 0.8002908667830134
0.9979931116104126 0.1697420634920635 0.7632926119837115 0.15962301587301586 0.7549156486329262
0.9979547262191772 0.6193452380952381 0.7769051774287377 0.6120039682539683 0.772716695753345
0.9979017972946167 0.2044642857142857 0.5723094822571262 0.19543650793650794 0.5640488656195463
0.9978533387184143 0.8951388888888889 0.6945898778359512 0.8867063492063492 0.6860965677719605
0.997639536857605 0.6200396825396826 0.7671902268760907 0.6087301587301587 0.7613147178592204
0.9976109266281128 0.201984126984127 0.38708551483420595 0.1886904761904762 0.3799301919720768
0.9975684285163879 0.14692460317460318 0.8419429901105294 0.13839285714285715 0.8325770796974985
0.9975192546844482 0.20248015873015873 0.6168702734147761 0.19593253968253968 0.6090750436300174
0.9973347783088684 0.7865079365079365 0.8671902268760907 0.773015873015873 0.8593368237347295
0.9972499012947083 0.929265873015873 0.6282140779522979 0.9209325396825396 0.6194880744618965
0.9971837401390076 0.928968253968254 0.7347294938917975 0.9178571428571428 0.7261198371146015
0.9970636963844299 0.1673611111111111 0.7344386271087842 0.15813492063492063 0.7257707969749855
0.9970409274101257 0.8723214285714286 0.8257126236183828 0.8675595238095238 0.8219313554392088
0.9968519806861877 0.9978174603174603 0.587783595113438 0.9924603174603175 0.5849912739965096
0.9968265891075134 0.9299603174603175 0.762129144851658 0.9191468253968254 0.751890634089587
0.9966578483581543 0.8927579365079366 0.5582897033158813 0.8845238095238095 0.5490983129726585
0.9965726137161255 0.22777777777777777 0.3531122745782432 0.22142857142857142 0.3508435136707388
0.9965112805366516 0.14692460317460318 0.7622454915648633 0.13819444444444445 0.7527050610820244
0.9965080618858337 0.26438492063492064 0.4264107038976149 0.2592261904761905 0.4223967422920302
0.9964892864227295 0.1486111111111111 0.735369400814427 0.1384920634920635 0.7264107038976149
0.9964048862457275 0.4531746031746032 0.5024432809773124 0.4423611111111111 0.4973240255962769
0.99631267786026 0.20892857142857144 0.3532867946480512 0.20168650793650794 0.35095986038394417
0.9957706332206726 0.8658730158730159 0.8666666666666667 0.8487103174603174 0.8582897033158813
0.9957346320152283 0.18273809523809523 0.6864456079115765 0.17410714285714285 0.6776032577079697
0.9955149292945862 0.20496031746031745 0.4976148923792903 0.1935515873015873 0.489412449098313
0.9952427744865417 0.8923611111111112 0.49354275741710296 0.8808531746031746 0.4830715532286213
0.995218813419342 0.8636904761904762 0.9889470622454916 0.856845238095238 0.9850494473531123
0.995214581489563 0.16904761904761906 0.7055846422338569 0.1595238095238095 0.6962769051774287
0.9952087998390198 0.8381944444444445 0.7624200116346713 0.8333333333333334 0.7571844095404305
0.9950725436210632 0.49295634920634923 0.7765561372891215 0.4863095238095238 0.772891215823153
0.9950634837150574 0.09454365079365079 0.7454915648632926 0.08819444444444445 0.7428737638161722
0.9950331449508667 0.49523809523809526 0.7668993600930774 0.4816468253968254 0.7614892379290285
0.9948941469192505 0.8409722222222222 0.8340314136125655 0.8333333333333334 0.8293193717277487
0.9948770403862 0.16875 0.5876672484002327 0.15873015873015872 0.5800465386852821
0.9948517680168152 0.9304563492063492 0.45700988947062243 0.91875 0.4467713787085515
0.9945639371871948 0.20297619047619048 0.43664921465968587 0.1974206349206349 0.4307737056428156
0.9940491914749146 0.09642857142857143 0.5908086096567772 0.08769841269841269 0.5852239674229203
0.9938429594039917 0.0939484126984127 0.10151250727166958 0.09097222222222222 0.09947643979057591
0.9936060905456543 0.09593253968253969 0.7383362420011634 0.0867063492063492 0.7351367073880163
0.9935592412948608 0.93125 0.8202443280977313 0.91875 0.8107038976148924
0.993334174156189 0.09970238095238096 0.10285049447353112 0.09503968253968254 0.10029086678301338
0.993196964263916 0.09484126984126984 0.7616055846422338 0.0875 0.7575916230366492
0.9928978681564331 0.1484126984126984 0.8230366492146597 0.1361111111111111 0.8122745782431646
0.992603600025177 0.27192460317460315 0.36305991855730074 0.26498015873015873 0.3598603839441536
0.9924690127372742 0.9969246031746032 0.629435718440954 0.9925595238095238 0.6268179173938336
0.9924094676971436 0.1992063492063492 0.8336823734729494 0.19087301587301586 0.8272833042466551
0.992331862449646 0.891468253968254 0.6584060500290867 0.8825396825396825 0.650261780104712
0.9921900629997253 0.823313492063492 0.8439790575916231 0.8134920634920635 0.837696335078534
0.9916667342185974 0.9981150793650794 0.9525305410122165 0.9887896825396826 0.9481093659104131
0.9916104674339294 0.6039682539682539 0.7663176265270506 0.5952380952380952 0.7624200116346713
0.9916002750396729 0.2824404761904762 0.8667248400232693 0.26805555555555555 0.8584642233856894
0.9913766384124756 0.9734126984126984 0.6265270506108203 0.9699404761904762 0.6236765561372891
0.9906873106956482 0.5034722222222222 0.24729493891797558 0.4988095238095238 0.2447934845840605
0.9906831979751587 0.8953373015873016 0.8200116346713205 0.8867063492063492 0.814368819080861
0.9906815886497498 0.8725198412698413 0.8165794066317626 0.8678571428571429 0.8133798720186155
0.9904477596282959 0.747718253968254 0.9275159976730657 0.7442460317460318 0.9247818499127399
0.9899425506591797 0.17688492063492064 0.8533449680046539 0.15317460317460319 0.8482257126236183
0.9896113872528076 0.9987103174603175 0.5312972658522397 0.9912698412698413 0.5275159976730658
0.9894652366638184 0.9121031746031746 0.5963350785340314 0.9037698412698413 0.5887143688190809
0.9888771176338196 0.5606150793650794 0.8534613147178592 0.5555555555555556 0.8489237929028505
0.9886044263839722 0.928968253968254 0.7038976148923793 0.9180555555555555 0.6945317044793484
0.9885318279266357 0.912797619047619 0.4927283304246655 0.9060515873015873 0.485282140779523
0.9881729483604431 0.7051587301587302 0.9571262361838279 0.6962301587301587 0.953868528214078
0.987874448299408 0.8282738095238096 0.7077370564281559 0.8242063492063492 0.7057591623036649
0.9877390265464783 0.2646825396825397 0.43804537521815007 0.2515873015873016 0.4307155322862129
0.9875697493553162 0.9300595238095238 0.5634671320535195 0.9136904761904762 0.5543339150668993
0.9871215224266052 0.9272817460317461 0.5974403723094822 0.9183531746031746 0.5887725421756835
0.9869950413703918 0.8895833333333333 0.7779522978475858 0.8754960317460317 0.7690517742873764
0.9869821667671204 0.2121031746031746 0.43792902850494475 0.204265873015873 0.42914485165794064
0.986738920211792 0.9439484126984127 0.5522978475858057 0.9407738095238095 0.5506108202443281
0.9866718649864197 0.45267857142857143 0.5116346713205352 0.44513888888888886 0.5074461896451425
0.9862775206565857 0.2594246031746032 0.46137289121582314 0.2523809523809524 0.4569517161140198
0.9859636425971985 0.9301587301587302 0.791564863292612 0.9168650793650793 0.782955206515416
0.985739529132843 0.14811507936507937 0.7941244909831298 0.1375 0.7834787667248401
0.985605776309967 0.09652777777777778 0.7238510762070971 0.08779761904761904 0.7207097149505527
0.98526531457901 0.16924603174603176 0.8218731820826062 0.16160714285714287 0.8144269924374636
0.985127866268158 0.09742063492063492 0.6227457824316464 0.08720238095238095 0.6176265270506108
0.9848458766937256 0.8446428571428571 0.9524723676556137 0.8402777777777778 0.9479348458406051
0.9846413731575012 0.435218253968254 0.512565445026178 0.4280753968253968 0.5076207097149505
0.983986496925354 0.9444444444444444 0.48318789994182665 0.9403769841269841 0.48103548574752764
0.9838834404945374 0.9249007936507937 0.49115764979639326 0.9159722222222222 0.48190808609656777
0.9835945963859558 0.9845238095238096 0.6272251308900524 0.9799603174603174 0.6242582897033159
0.9835257530212402 0.4762896825396825 0.7656195462478185 0.4660714285714286 0.7618964514252472
0.9832845330238342 0.09553571428571428 0.7024432809773123 0.08799603174603175 0.6977894124490983
0.9832234978675842 0.40694444444444444 0.8652123327515998 0.3964285714285714 0.8610820244328098
0.9832198023796082 0.9445436507936508 0.7549156486329262 0.939781746031746 0.7531122745782431
0.9830134510993958 0.9736111111111111 0.701977894124491 0.9695436507936508 0.6988947062245492
0.9830046892166138 0.8315476190476191 0.43589296102385106 0.8262896825396825 0.431413612565445
0.9827942848205566 0.21180555555555555 0.4781268179173938 0.20793650793650795 0.4747527632344386
0.9826700687408447 0.9507936507936507 0.733566026759744 0.9436507936507936 0.7300174520069808
0.9823604822158813 0.9283730158730159 0.6521233275159977 0.9181547619047619 0.6428155904595695
0.9816011190414429 0.9596230158730159 0.7846422338568936 0.9565476190476191 0.7813263525305411
0.9802746176719666 0.09305555555555556 0.5162303664921466 0.08769841269841269 0.5134962187318208
0.9800601005554199 0.6428571428571429 0.5025596276905178 0.6316468253968254 0.497673065735893
0.9792753458023071 0.09573412698412699 0.8749854566608494 0.0867063492063492 0.8688772542175683
0.9791845083236694 0.24533730158730158 0.8223385689354276 0.23809523809523808 0.8198952879581152
0.9786213040351868 0.44226190476190474 0.8745782431646306 0.4373015873015873 0.8712623618382781
0.9782518148422241 0.8510912698412698 0.9625945317044794 0.8470238095238095 0.9593368237347295
0.9775720238685608 0.9439484126984127 0.5888888888888889 0.9405753968253968 0.5866201279813845
0.9772682785987854 0.9678571428571429 0.817044793484584 0.964781746031746 0.8139034322280395
0.97603839635849 0.8386904761904762 0.7082024432809774 0.8341269841269842 0.7052937754508435
0.9758190512657166 0.6503968253968254 0.12937754508435137 0.6393849206349206 0.12489819662594531
0.9752863049507141 0.9983134920634921 0.7057009889470622 0.991468253968254 0.7020360674810937
0.9732797741889954 0.13938492063492064 0.2268179173938336 0.13273809523809524 0.2234438627108784
0.9732154011726379 0.957936507936508 0.9503199534613147 0.952579365079365 0.9478184991273997
0.9729025363922119 0.23095238095238096 0.8226294357184409 0.22281746031746033 0.8200698080279232
0.9725850224494934 0.09474206349206349 0.7923792902850495 0.0886904761904762 0.789237929028505
0.9723441004753113 0.5314484126984127 0.8358347876672484 0.5258928571428572 0.83304246655032
0.9719626307487488 0.09771825396825397 0.6332751599767307 0.09325396825396826 0.6302501454333915
0.9717283248901367 0.21160714285714285 0.4630017452006981 0.2015873015873016 0.4562536358347877
0.9710374474525452 0.502281746031746 0.24973821989528797 0.4971230158730159 0.2471785922047702
0.9707003235816956 0.2712301587301587 0.6741128563118092 0.26726190476190476 0.6716114019778942
0.9705623388290405 0.09930555555555555 0.09610238510762072 0.09543650793650793 0.09313554392088423
0.9702314138412476 0.998015873015873 0.829261198371146 0.9921626984126984 0.8262361838278068
0.9693381786346436 0.9741071428571428 0.48551483420593367 0.9701388888888889 0.4823734729493892
0.9688605666160583 0.9681547619047619 0.7287376381617219 0.9648809523809524 0.7253635834787667
0.968795120716095 0.1732142857142857 0.8657940663176266 0.16021825396825398 0.8613728912158232
0.9687184691429138 0.9734126984126984 0.5199534613147179 0.9703373015873016 0.5165794066317626
0.968485951423645 0.38898809523809524 0.20919139034322282 0.38472222222222224 0.20634089586969168
0.9684085845947266 0.40595238095238095 0.8363583478766725 0.3968253968253968 0.8334496800465386
0.9682762622833252 0.8991071428571429 0.6446771378708551 0.8902777777777777 0.6376963350785341
0.9682220220565796 0.6591269841269841 0.5017452006980803 0.6510912698412699 0.4973240255962769
0.9678822159767151 0.4994047619047619 0.2847004072134962 0.4955357142857143 0.28272251308900526
0.9676579236984253 0.21607142857142858 0.8233275159976731 0.2050595238095238 0.8195462478184992
0.9670586585998535 0.6758928571428572 0.8675392670157068 0.6611111111111111 0.8587550901687028
0.9669537544250488 0.09712301587301587 0.7492728330424665 0.09275793650793651 0.7462478184991274
0.9668526649475098 0.8513888888888889 0.7718440954043049 0.8468253968253968 0.7694008144269925
0.9667043685913086 0.9443452380952381 0.5473531122745783 0.9402777777777778 0.5454333915066899
0.9656423926353455 0.09424603174603174 0.8506108202443281 0.08888888888888889 0.847760325770797
0.9653010368347168 0.9027777777777778 0.987434554973822 0.8991071428571429 0.9837696335078534
0.9649627208709717 0.8341269841269842 0.9524141942990111 0.8270833333333333 0.9481093659104131
0.9646634459495544 0.9735119047619047 0.4500290866783013 0.9701388888888889 0.4468877254217568
0.9641931653022766 0.9501984126984127 0.4552065154159395 0.9424603174603174 0.45078534031413614
0.9633369445800781 0.8046626984126984 0.9336823734729494 0.8010912698412699 0.9317044793484585
0.9630013108253479 0.43452380952380953 0.5013961605584643 0.4294642857142857 0.4970913321698662
0.9618735313415527 0.27192460317460315 0.3740546829552065 0.2656746031746032 0.3712041884816754
0.9618542790412903 0.8725198412698413 0.8343222803955789 0.8674603174603175 0.8303664921465969
0.9616339802742004 0.9515873015873015 0.5984874927283305 0.9395833333333333 0.5904595695171612
0.9616096019744873 0.09791666666666667 0.8882489819662595 0.0882936507936508 0.8854566608493311
0.9615910649299622 0.2 0.9223385689354275 0.19295634920634921 0.9195462478184991
0.9610310196876526 0.8219246031746031 0.4305410122164049 0.8169642857142857 0.4282140779522978
0.9599471092224121 0.17529761904761904 0.12635253054101223 0.16815476190476192 0.122978475858057
0.9593561291694641 0.7162698412698413 0.9579406631762653 0.7104166666666667 0.9548574752763235
0.9590215086936951 0.8507936507936508 0.7769051774287377 0.8469246031746032 0.7752763234438627
0.9581181406974792 0.09771825396825397 0.7781268179173938 0.08700396825396825 0.7726585223967423
0.9573991894721985 0.973313492063492 0.5911576497963933 0.9701388888888889 0.58760907504363
0.9570797681808472 0.5333333333333333 0.8660849331006399 0.5158730158730159 0.8609656777196044
0.957041323184967 0.271031746031746 0.7038976148923793 0.2634920634920635 0.7002326934264107
0.9568035006523132 0.09732142857142857 0.7966841186736475 0.09305555555555556 0.7923211169284468
0.9561650156974792 0.20367063492063492 0.47155322862129145 0.19831349206349205 0.4677719604421175
0.9550279378890991 0.9682539682539683 0.7574171029668412 0.9650793650793651 0.7538685282140779
0.9548344016075134 0.7678571428571429 0.356369982547993 0.7612103174603174 0.3522978475858057
0.9534407258033752 0.8326388888888889 0.66695753344968 0.8281746031746032 0.6645724258289704
0.9534403085708618 0.09652777777777778 0.12745782431646305 0.09166666666666666 0.124956369982548
0.95329350233078 0.8611111111111112 0.6690517742873764 0.8581349206349206 0.6656195462478185
0.9525377750396729 0.9583333333333334 0.7203025014543339 0.9528769841269841 0.7179755671902269
0.949636697769165 0.39613095238095236 0.25555555555555554 0.39226190476190476 0.25293775450843514
0.9491209387779236 0.9848214285714286 0.6509598603839442 0.979265873015873 0.6484584060500291
0.9481766819953918 0.5861111111111111 0.2087260034904014 0.5783730158730159 0.20622454915648633
0.9476629495620728 0.9734126984126984 0.5548574752763235 0.9701388888888889 0.5515415939499709
0.9457694292068481 0.9590277777777778 0.5119255381035486 0.9526785714285714 0.5093077370564282
0.9455889463424683 0.8407738095238095 0.9642815590459569 0.8361111111111111 0.9614310645724258
0.9453887939453125 0.9474206349206349 0.5104712041884817 0.9442460317460317 0.5082024432809773
0.9450643062591553 0.1800595238095238 0.8592786503781268 0.1763888888888889 0.8574171029668411
0.9450353384017944 0.9971230158730159 0.8008726003490402 0.9901785714285715 0.7963350785340314
0.9450216889381409 0.39126984126984127 0.2600930773705643 0.38779761904761906 0.2578243164630599
0.9437956809997559 0.6588293650793651 0.5119837114601512 0.6505952380952381 0.5078534031413613
0.9436227679252625 0.8979166666666667 0.4029086678301338 0.8884920634920634 0.3961605584642234
0.940934419631958 0.9478174603174603 0.782955206515416 0.9442460317460317 0.7809191390343223
0.9401126503944397 0.27152777777777776 0.48760907504363 0.26706349206349206 0.48464223385689353
0.9400787949562073 0.2706349206349206 0.44758580570098894 0.26517857142857143 0.44490983129726586
0.9392309784889221 0.09652777777777778 0.918673647469459 0.09255952380952381 0.9167539267015706
0.9385855197906494 0.4029761904761905 0.2789412449098313 0.398015873015873 0.27690517742873766
0.9383633732795715 0.314781746031746 0.985282140779523 0.3111111111111111 0.9827225130890053
0.9366241097450256 0.9989087301587302 0.6474694589877836 0.991468253968254 0.6440372309482257
0.9364258646965027 0.9975198412698413 0.4884816753926702 0.9919642857142857 0.48551483420593367
0.9357576370239258 0.9443452380952381 0.5175101803374055 0.9401785714285714 0.5154741128563118
0.9356498718261719 0.09603174603174604 0.5513670738801629 0.08759920634920634 0.545607911576498
0.935089111328125 0.09702380952380953 0.9165794066317626 0.09325396825396826 0.914717859220477
0.9349204301834106 0.5118055555555555 0.8362420011634671 0.5069444444444444 0.8331006399069226
0.9348545670509338 0.27033730158730157 0.7659104130308318 0.2648809523809524 0.7639325189063408
0.932971715927124 0.10069444444444445 0.08109365910413031 0.09712301587301587 0.07905759162303665
0.9307544827461243 0.09107142857142857 0.12379290285049448 0.08621031746031746 0.1210587550901687
0.9298354387283325 0.27093253968253966 0.61652123327516 0.26299603174603176 0.6115764979639325
0.9287420511245728 0.9478174603174603 0.5645724258289704 0.9401785714285714 0.5532286212914486
0.9277403950691223 0.9601190476190476 0.8098894706224549 0.9523809523809523 0.806282722513089
0.9272443652153015 0.8915674603174604 0.7944735311227458 0.8826388888888889 0.7836532867946481
0.925484299659729 0.9439484126984127 0.624956369982548 0.9400793650793651 0.6228621291448516
0.9254744648933411 0.2078373015873016 0.2723676556137289 0.1986111111111111 0.2687027341477603
0.9249844551086426 0.8650793650793651 0.7770796974985457 0.859920634920635 0.774869109947644
0.9234477877616882 0.09563492063492063 0.6614892379290285 0.09226190476190477 0.6595695171611402
0.9231318235397339 0.27073412698412697 0.5660267597440373 0.26398809523809524 0.5635834787667249
0.9219436645507812 0.39166666666666666 0.2321698662012798 0.3878968253968254 0.23007562536358347
0.9213699102401733 0.19305555555555556 0.7674229203025015 0.18591269841269842 0.7650378126817917
0.9210960865020752 0.09632936507936508 0.6147178592204771 0.09226190476190477 0.6115764979639325
0.9209349751472473 0.4621031746031746 0.14316463059918558 0.4576388888888889 0.1411285631180919
0.9206790328025818 0.944047619047619 0.7776614310645724 0.9406746031746032 0.7752763234438627
0.9203564524650574 0.2712301587301587 0.5029668411867365 0.26299603174603176 0.49796393251890636
0.9188609719276428 0.6194444444444445 0.07364746945898779 0.6131944444444445 0.07004072134962187
0.9186435341835022 0.314484126984127 0.9689354275741711 0.31121031746031746 0.9660849331006399
0.9173429608345032 0.9843253968253968 0.5547993019197208 0.9806547619047619 0.5515997673065736
0.9164726734161377 0.8267857142857142 0.9616055846422339 0.8231150793650793 0.9593949970913321
0.9162498116493225 0.944047619047619 0.6993600930773706 0.9401785714285714 0.6976148923792903
0.915919303894043 0.9515873015873015 0.694240837696335 0.9486111111111111 0.692088423502036
0.9151263236999512 0.8018849206349207 0.939848749272833 0.7981150793650794 0.9376381617219314
0.9138538241386414 0.8216269841269841 0.4840023269342641 0.8152777777777778 0.4803955788248982
0.9136446118354797 0.2054563492063492 0.7673647469458987 0.1986111111111111 0.7646887725421757
0.9131972193717957 0.9746031746031746 0.6513089005235602 0.9695436507936508 0.6484584060500291
0.9119324088096619 0.9451388888888889 0.7265852239674229 0.9404761904761905 0.7248400232693426
0.911635160446167 0.8593253968253968 0.9741710296684118 0.8557539682539682 0.9716114019778941
0.9103508591651917 0.09454365079365079 0.4585805700988947 0.0882936507936508 0.45456660849331004
0.9094036221504211 0.9492063492063492 0.7604421175101803 0.9438492063492063 0.7575916230366492
0.9082110524177551 0.09950396825396825 0.0755671902268761 0.09603174603174604 0.07271669575334497
0.9070104956626892 0.7986111111111112 0.8363001745200698 0.7936507936507936 0.8336242001163467
0.9067144989967346 0.9126984126984127 0.9232693426410704 0.9080357142857143 0.9197207678883071
0.9058495759963989 0.542063492063492 0.249912739965096 0.5379960317460317 0.24735311227457824
0.9051294922828674 0.7119047619047619 0.953868528214078 0.7077380952380953 0.9513089005235602
0.9048668742179871 0.8321428571428572 0.7139034322280395 0.8254960317460317 0.7095986038394415
0.9033828377723694 0.9442460317460317 0.6492728330424665 0.9400793650793651 0.6476439790575916
0.9021989703178406 0.09722222222222222 0.8320535194880745 0.09345238095238095 0.8299592786503781
0.9018381237983704 0.09702380952380953 0.854217568353694 0.09275793650793651 0.8520069808027924
0.9012417793273926 0.8336309523809524 0.9399650959860384 0.8298611111111112 0.9377545084351367
0.8995417356491089 0.3865079365079365 0.1980802792321117 0.38373015873015875 0.19552065154159395
0.8981959819793701 0.8333333333333334 0.7488074461896451 0.8177579365079365 0.7408958696916812
0.8970516324043274 0.9491071428571428 0.5290285049447353 0.9415674603174603 0.519022687609075
0.896258533000946 0.3304563492063492 0.8368819080860965 0.31746031746031744 0.83304246655032
0.8956224918365479 0.94375 0.7496218731820826 0.9406746031746032 0.7473531122745782
0.8952035903930664 0.8038690476190476 0.37201861547411286 0.7936507936507936 0.36788830715532284
0.8940827250480652 0.43392857142857144 0.1481675392670157 0.429265873015873 0.14438627108784177
0.8939353227615356 0.8259920634920634 0.9641652123327517 0.8212301587301587 0.9618964514252473
0.8938525915145874 0.9991071428571429 0.5153577661431065 0.9921626984126984 0.5122745782431646
0.8933601379394531 0.8452380952380952 0.9397905759162304 0.841468253968254 0.9377545084351367
0.892146110534668 0.9138888888888889 0.5584642233856894 0.9052579365079365 0.5498545666084933
0.8912251591682434 0.4264880952380952 0.06300174520069808 0.41964285714285715 0.0595695171611402
0.8910753130912781 0.9608134920634921 0.7496800465386853 0.9565476190476191 0.7476439790575916
0.8907950520515442 0.8369047619047619 0.747760325770797 0.8333333333333334 0.7443280977312391
0.8876367211341858 0.9123015873015873 0.9525887143688191 0.9078373015873016 0.9477603257707969
0.8873888850212097 0.9122023809523809 0.6591623036649215 0.9040674603174603 0.6518906340895869
0.8870940804481506 0.4411706349206349 0.8360674810936591 0.4365079365079365 0.8334496800465386
0.88627690076828 0.8215277777777777 0.5565445026178011 0.8142857142857143 0.5530541012216404
0.8852762579917908 0.09503968253968254 0.8419429901105294 0.0886904761904762 0.839674229203025
0.8852167725563049 0.0943452380952381 0.8200116346713205 0.0871031746031746 0.8144269924374636
0.8851870894432068 0.2714285714285714 0.8135543920884235 0.2675595238095238 0.8108784176847004
0.8851169943809509 0.7677579365079366 0.3435718440954043 0.7612103174603174 0.3392670157068063
0.8845107555389404 0.27073412698412697 0.6445026178010471 0.26299603174603176 0.6410122164048866
0.8838990926742554 0.20009920634920636 0.8229784758580571 0.19156746031746033 0.8197207678883072
0.8828422427177429 0.9839285714285714 0.7013961605584642 0.9798611111111111 0.6988365328679464
0.8819019198417664 0.4288690476190476 0.20843513670738803 0.42470238095238094 0.20552646887725423
0.8799402713775635 0.9507936507936507 0.49354275741710296 0.939781746031746 0.48429319371727747
0.8763704299926758 0.9047619047619048 0.8662012798138452 0.8929563492063493 0.8617801047120419
0.8752453327178955 0.3018849206349206 0.8363001745200698 0.2963293650793651 0.8332751599767306
0.8745992183685303 0.9840277777777777 0.6759744037230948 0.9800595238095238 0.6725421756835369
0.8735067248344421 0.5999007936507936 0.25509016870273415 0.5954365079365079 0.24898196625945318
0.873493492603302 0.8402777777777778 0.6614310645724258 0.8367063492063492 0.6595113438045376
0.8712575435638428 0.24910714285714286 0.8659685863874346 0.2392857142857143 0.8609656777196044
0.8712530136108398 0.7942460317460317 0.3669575334496801 0.7844246031746032 0.3565445026178011
0.8712173700332642 0.3655753968253968 0.8663176265270506 0.3601190476190476 0.8637579988365328
0.869179368019104 0.09742063492063492 0.912041884816754 0.09226190476190477 0.9090168702734148
0.8668984770774841 0.4986111111111111 0.26259453170447933 0.4926587301587302 0.2605584642233857
0.8661826252937317 0.5844246031746032 0.24107038976148923 0.580952380952381 0.2392088423502036
0.8656123876571655 0.8488095238095238 0.9884816753926702 0.8432539682539683 0.9838859802210588
0.8636685609817505 0.983829365079365 0.5907504363001745 0.979563492063492 0.5876672484002327
0.8627866506576538 0.7594246031746031 0.8363583478766725 0.753968253968254 0.8331006399069226
0.8623678088188171 0.271031746031746 0.5312390924956369 0.26319444444444445 0.5273414776032577
0.8610779047012329 0.885515873015873 0.9503199534613147 0.8802579365079365 0.9473531122745782
0.8609433174133301 0.939781746031746 0.7521233275159976 0.9371031746031746 0.750087260034904
0.8605733513832092 0.09642857142857143 0.8919720767888307 0.09246031746031746 0.8895287958115183
0.8603347539901733 0.9606150793650794 0.6200116346713206 0.95625 0.6173356602675975
0.8585387468338013 0.9970238095238095 0.6718440954043048 0.9927579365079365 0.6697498545666085
0.858327329158783 0.2425595238095238 0.977196044211751 0.23859126984126985 0.9744618964514252
0.8543171882629395 0.27033730158730157 0.7285049447353112 0.26438492063492064 0.7264688772542176
0.8541200757026672 0.7973214285714286 0.9397905759162304 0.7936507936507936 0.9378126817917394
0.8533743023872375 0.8231150793650793 0.6474694589877836 0.8135912698412698 0.6400232693426411
0.8533267378807068 0.8287698412698413 0.8279232111692845 0.8188492063492063 0.8230948225712623
0.8530541658401489 0.09553571428571428 0.6471785922047703 0.08759920634920634 0.6430482838859802
0.8523679971694946 0.36319444444444443 0.9043630017452007 0.35714285714285715 0.8988947062245491
0.850450336933136 0.4601190476190476 0.05549738219895288 0.4498015873015873 0.05159976730657359
0.8495097160339355 0.2571428571428571 0.8047120418848167 0.25069444444444444 0.8012216404886562
0.8483390212059021 0.7569444444444444 0.6276323443862711 0.7493055555555556 0.6196044211751018
0.8461410999298096 0.16547619047619047 0.3539848749272833 0.15942460317460316 0.35101803374054685
0.8456926345825195 0.44027777777777777 0.1433391506689936 0.43581349206349207 0.1411285631180919
0.8440592885017395 0.2663690476190476 0.6743455497382199 0.2626984126984127 0.6716695753344968
0.8433972597122192 0.7348214285714286 0.3851657940663176 0.7280753968253968 0.3769633507853403
0.8432111740112305 0.897420634920635 0.8467132053519488 0.8868055555555555 0.8427574171029668
0.8428230881690979 0.1284722222222222 0.923152995927865 0.11904761904761904 0.9192553810354858
0.842020571231842 0.30912698412698414 0.06468877254217568 0.30456349206349204 0.0614892379290285
0.8418874740600586 0.09464285714285714 0.847934845840605 0.0869047619047619 0.8419429901105294
0.8414539098739624 0.8257936507936507 0.433216986620128 0.8221230158730158 0.431239092495637
0.8394627571105957 0.9439484126984127 0.5835369400814427 0.9405753968253968 0.581326352530541
0.8388394117355347 0.27172619047619045 0.590110529377545 0.2655753968253968 0.5870855148342059
0.8368995189666748 0.833234126984127 0.9237929028504944 0.8293650793650794 0.9183246073298429
0.8359927535057068 0.9757936507936508 0.816870273414776 0.9729166666666667 0.8141361256544503
0.8338674306869507 0.271031746031746 0.6012798138452589 0.2665674603174603 0.5983129726585223
0.8328820466995239 0.8601190476190477 0.9526468877254217 0.85625 0.9500290866783013
0.831458330154419 0.2548611111111111 0.9232111692844677 0.24990079365079365 0.9196625945317045
0.8292441368103027 0.0941468253968254 0.48702734147760324 0.08700396825396825 0.4812681791739383
0.8289207816123962 0.6630952380952381 0.24083769633507854 0.6540674603174603 0.23624200116346714
0.8249476552009583 0.12688492063492063 0.16090750436300175 0.12291666666666666 0.1578824898196626
0.8244146108627319 0.9930555555555556 0.6609656777196045 0.9892857142857143 0.6587550901687027
0.8242603540420532 0.5237103174603175 0.23717277486910995 0.5188492063492064 0.2351367073880163
0.8220915198326111 0.14890873015873016 0.10878417684700407 0.1431547619047619 0.1050610820244328
0.8210086226463318 0.9445436507936508 0.6738801628853985 0.9404761904761905 0.6717277486910995
0.8199742436408997 0.6501984126984127 0.16236183827806863 0.6463293650793651 0.15986038394415358
0.8192114233970642 0.8214285714285714 0.6538685282140779 0.8139880952380952 0.6503781268179174
0.8180161118507385 0.8103174603174603 0.9866783013379872 0.8049603174603175 0.9833624200116347
0.8152143955230713 0.9474206349206349 0.4404304828388598 0.9441468253968254 0.43804537521815007
0.8149594068527222 0.7013888888888888 0.9269924374636417 0.6979166666666666 0.9245491564863293
0.8093516230583191 0.9594246031746032 0.72891215823153 0.9566468253968254 0.7260034904013961
0.8082252740859985 0.0939484126984127 0.4498545666084933 0.08799603174603175 0.4467132053519488
0.808120846748352 0.861904761904762 0.7075043630017452 0.8581349206349206 0.7057591623036649
0.8075309991836548 0.7287698412698412 0.9275741710296684 0.7249007936507936 0.9246655031995347
0.8061052560806274 0.8669642857142857 0.9763816172193136 0.862202380952381 0.9715532286212915
0.8054869174957275 0.1931547619047619 0.44293193717277485 0.1865079365079365 0.4399069226294357
0.8047508597373962 0.09583333333333334 0.6858638743455497 0.0884920634920635 0.6812100058173357
0.8037583231925964 0.8114087301587302 0.9748109365910413 0.8068452380952381 0.9722513089005236
0.8037175536155701 0.973313492063492 0.6763234438627109 0.9701388888888889 0.6724840023269343
0.8024061918258667 0.40327380952380953 0.9713205351948807 0.3995039682539683 0.9689936009307737
0.8023073673248291 0.9441468253968254 0.643804537521815 0.9405753968253968 0.6419429901105294
0.8021129369735718 0.09424603174603174 0.43461314717859223 0.08819444444444445 0.4305991855730076
0.8020735383033752 0.49890873015873016 0.28219895287958113 0.49375 0.2801628853984875
0.8014984726905823 0.8810515873015873 0.9236765561372892 0.873015873015873 0.9194299011052938
0.8003059029579163 0.10714285714285714 0.1844677137870855 0.10317460317460317 0.18138452588714368
0.8002817630767822 0.5277777777777778 0.27835951134380454 0.5234126984126984 0.27603257707969747
0.799547553062439 0.5280753968253968 0.2858057009889471 0.5232142857142857 0.28266433973240257
0.7992780208587646 0.9563492063492064 0.4423502036067481 0.9527777777777777 0.43932518906340895
0.7986478209495544 0.09613095238095239 0.5655613728912158 0.0878968253968254 0.560325770796975
0.7975047826766968 0.5461309523809523 0.23158813263525305 0.541765873015873 0.2293193717277487
0.7973001003265381 0.09543650793650793 0.824607329842932 0.08769841269841269 0.8196044211751018
0.7969001531600952 0.9101190476190476 0.9637579988365329 0.903968253968254 0.960325770796975
0.7962773442268372 0.9982142857142857 0.5577079697498546 0.9913690476190476 0.5550319953461315
0.7959747910499573 0.9517857142857142 0.7497963932518906 0.9485119047619047 0.747760325770797
0.7944436073303223 0.09325396825396826 0.5370564281559046 0.0882936507936508 0.535194880744619
0.7937185168266296 0.9576388888888889 0.7778941244909832 0.9532738095238096 0.7731820826061664
0.7891864776611328 0.4308531746031746 0.29191390343222806 0.4185515873015873 0.285631180919139
0.7885327935218811 0.9434523809523809 0.7214077952297847 0.9404761904761905 0.7192553810354857
0.7875479459762573 0.8224206349206349 0.664456079115765 0.8195436507936508 0.6628272251308901
0.7865726947784424 0.4038690476190476 0.9850494473531123 0.39940476190476193 0.9819080860965678
0.7864201664924622 0.9434523809523809 0.44252472367655615 0.9404761904761905 0.44031413612565445
0.7827757596969604 0.3181547619047619 0.3162303664921466 0.30873015873015874 0.3065154159394997
0.7825525403022766 0.5928571428571429 0.23670738801628854 0.5880952380952381 0.23449680046538685
0.7813693881034851 0.10853174603174603 0.1389761489237929 0.10436507936507937 0.13635834787667248
0.7801524996757507 0.27172619047619045 0.8351367073880163 0.2675595238095238 0.8328097731239092
0.7772563695907593 0.7721230158730159 0.3636998254799302 0.7614087301587301 0.35509016870273413
0.7760166525840759 0.8916666666666667 0.9212914485165794 0.8837301587301587 0.9175683536940081
0.7740480303764343 0.44325396825396823 0.38923792902850496 0.4376984126984127 0.38586387434554975
0.7711606025695801 0.9051587301587302 0.8298429319371727 0.9007936507936508 0.8262943571844096
0.7697781324386597 0.19255952380952382 0.5771378708551483 0.18759920634920635 0.5746364165212333
0.7669291496276855 0.9479166666666666 0.4756835369400814 0.9446428571428571 0.4736474694589878
0.7659808397293091 0.27053571428571427 0.6796393251890634 0.26398809523809524 0.6774869109947644
0.7653462290763855 0.9488095238095238 0.585631180919139 0.9451388888888889 0.583129726585224
0.7645854353904724 0.7693452380952381 0.33304246655031994 0.7633928571428571 0.32966841186736473
0.7641533613204956 0.9621031746031746 0.3934264107038976 0.952579365079365 0.3889470622454916
0.7633517980575562 0.8242063492063492 0.9272251308900523 0.8203373015873016 0.9246655031995347
0.7624183297157288 0.9988095238095238 0.6143688190808609 0.9909722222222223 0.6097149505526469
0.7623336315155029 0.7406746031746032 0.39086678301337985 0.7348214285714286 0.38749272833042464
0.7623012065887451 0.7010912698412698 0.9609656777196044 0.6885912698412698 0.956020942408377
0.7606237530708313 0.9519841269841269 0.7774287376381617 0.9487103174603174 0.775043630017452
0.7603335380554199 0.9436507936507936 0.668586387434555 0.9403769841269841 0.6663757998836533
0.7598394751548767 0.7136904761904762 0.9268760907504363 0.7095238095238096 0.9247818499127399
0.7592366337776184 0.9500992063492063 0.7923792902850495 0.9412698412698413 0.7828970331588133
0.7591923475265503 0.8320436507936508 0.8354857475276324 0.819047619047619 0.8279813845258871
0.759019136428833 0.9178571428571428 0.952239674229203 0.9145833333333333 0.9496800465386853
0.7585657238960266 0.9839285714285714 0.48534031413612566 0.9805555555555555 0.4826061663757999
0.7583372592926025 0.3304563492063492 0.17428737638161723 0.3244047619047619 0.17155322862129144
0.7566867470741272 0.45109126984126985 0.05904595695171611 0.44027777777777777 0.05415939499709133
0.7558730244636536 0.09126984126984126 0.12100058173356602 0.0869047619047619 0.11849912739965096
0.7549711465835571 0.591468253968254 0.06172193135543921 0.583234126984127 0.054799301919720766
0.7547346353530884 0.9443452380952381 0.6662012798138452 0.9411706349206349 0.6640488656195462
0.7547120451927185 0.9578373015873016 0.47865037812681793 0.9530753968253968 0.4742873763816172
0.7544098496437073 0.19831349206349205 0.7803374054682956 0.19404761904761905 0.7774287376381617
0.7542861700057983 0.1 0.7129726585223968 0.09692460317460318 0.7112856311809191
0.7509786486625671 0.34404761904761905 0.9688772542175683 0.3406746031746032 0.9663176265270507
0.7491218447685242 0.5396825396825397 0.22984293193717278 0.535515873015873 0.22763234438627108
0.7489892840385437 0.9842261904761904 0.44973821989528795 0.9804563492063492 0.4466550319953461
0.7485536336898804 0.09910714285714285 0.13798720186154742 0.09593253968253969 0.13647469458987785
0.7477250695228577 0.2044642857142857 0.7732984293193718 0.1935515873015873 0.766259453170448
0.7433285117149353 0.10376984126984128 0.062478184991274 0.09930555555555555 0.06067481093659104
0.7430499792098999 0.9837301587301587 0.5194299011052937 0.9802579365079365 0.516695753344968
0.7413541078567505 0.5374007936507936 0.22001163467132054 0.533531746031746 0.2174520069808028
0.7403594255447388 0.9488095238095238 0.6221640488656196 0.9454365079365079 0.6197207678883071
0.7397980093955994 0.8208333333333333 0.6847004072134962 0.8140873015873016 0.6817917393833625
0.7384404540061951 0.11904761904761904 0.923152995927865 0.11398809523809524 0.9202443280977313
0.7383291125297546 0.8388888888888889 0.8442699243746364 0.828670634920635 0.83804537521815
0.7355834245681763 0.5408730158730158 0.22408376963350785 0.5376984126984127 0.2222222222222222
0.7339905500411987 0.575297619047619 0.24200116346713205 0.5721230158730158 0.24031413612565444
0.7332991361618042 0.09573412698412699 0.8804537521815009 0.0878968253968254 0.8751599767306574
0.7295945286750793 0.2661706349206349 0.5531704479348458 0.26259920634920636 0.5511925538103548
0.7294657826423645 0.8156746031746032 0.964630599185573 0.8095238095238095 0.9588714368819081
0.7290068864822388 0.9439484126984127 0.6170447934845841 0.941765873015873 0.6155322862129144
0.7282328009605408 0.9758928571428571 0.7571262361838278 0.973015873015873 0.7541012216404887
0.7280017733573914 0.9983134920634921 0.678999418266434 0.9924603174603175 0.6760325770796975
0.7269152402877808 0.9971230158730159 0.815066899360093 0.9912698412698413 0.8118091913903432
0.7267811298370361 0.21716269841269842 0.4687027341477603 0.2128968253968254 0.46602675974403723
0.7241067886352539 0.12787698412698412 0.35264688772542174 0.11904761904761904 0.3496800465386853
0.720198929309845 0.09662698412698413 0.7262943571844095 0.09305555555555556 0.7244909831297266
0.7188138365745544 0.5659722222222222 0.05491564863292612 0.5598214285714286 0.051832460732984295
0.7177505493164062 0.873015873015873 0.9234438627108784 0.8678571428571429 0.9196044211751018
0.7169981002807617 0.9976190476190476 0.7726003490401396 0.9896825396825397 0.7684700407213496
0.7164946794509888 0.864484126984127 0.9340895869691681 0.8606150793650794 0.9320535194880745
0.7163024544715881 0.643154761904762 0.5128563118091914 0.6327380952380952 0.5063990692262944
0.7148505449295044 0.09533730158730158 0.0789412449098313 0.09275793650793651 0.07678883071553229
0.7141522169113159 0.9791666666666666 0.9526468877254217 0.9750992063492063 0.9497963932518906
0.713826596736908 0.31746031746031744 0.29813845258871435 0.3107142857142857 0.29470622454915646
0.7136561870574951 0.27073412698412697 0.6553810354857476 0.2638888888888889 0.6519488074461897
0.7136085033416748 0.26686507936507936 0.6999418266433973 0.2628968253968254 0.6980802792321117
0.7125569581985474 0.582936507936508 0.2674810936591041 0.5785714285714286 0.2651541593949971
0.7123435735702515 0.8800595238095238 0.9767306573589296 0.874702380952381 0.9720767888307156
0.7119789123535156 0.4363095238095238 0.8371727748691099 0.4324404761904762 0.8329261198371146
0.7103172540664673 0.9441468253968254 0.7802792321116928 0.9405753968253968 0.7782431646305992
0.7099020481109619 0.8353174603174603 0.9886561954624782 0.8284722222222223 0.9841186736474694
0.7098614573478699 0.6148809523809524 0.06788830715532286 0.5963293650793651 0.06399069226294357
0.7090438008308411 0.8184523809523809 0.5789412449098313 0.8148809523809524 0.5763816172193136
0.7061842679977417 0.8991071428571429 0.5280395578824898 0.8916666666666667 0.5248400232693426
0.7058967351913452 0.9549603174603175 0.7563118091913903 0.9518849206349206 0.7537521815008726
0.7040383219718933 0.09613095238095239 0.5574171029668412 0.0884920634920635 0.5529959278650378
0.7037036418914795 0.9758928571428571 0.7287376381617219 0.9728174603174603 0.7257707969749855
0.7031097412109375 0.1185515873015873 0.1358347876672484 0.11537698412698413 0.13257707969749855
0.699388325214386 0.40287698412698414 0.9367073880162885 0.3998015873015873 0.9336242001163467
0.6975809335708618 0.15873015873015872 0.47056428155904595 0.15466269841269842 0.4666666666666667
0.697246789932251 0.8379960317460318 0.8183246073298429 0.8336309523809524 0.814543339150669
0.6954695582389832 0.7837301587301587 0.5119255381035486 0.7786706349206349 0.5094822571262362
0.6954384446144104 0.8333333333333334 0.784933100639907 0.8241071428571428 0.7800465386852822
0.6945029497146606 0.5698412698412698 0.22815590459569518 0.5656746031746032 0.2263525305410122
0.6922467947006226 0.09444444444444444 0.6668993600930774 0.0882936507936508 0.662652705061082
0.6914966702461243 0.9513888888888888 0.6916812100058173 0.9486111111111111 0.6898778359511344
0.6912949085235596 0.7511904761904762 0.30826061663758 0.7334325396825396 0.2974403723094823
0.6895108819007874 0.09424603174603174 0.7697498545666085 0.08988095238095238 0.7678883071553229
0.689346194267273 0.997718253968254 0.8429319371727748 0.99375 0.840197789412449
0.688676118850708 0.5345238095238095 0.22547993019197207 0.5308531746031746 0.22338568935427575
0.6875945925712585 0.38859126984126985 0.8126236183827806 0.3740079365079365 0.8069808027923211
0.6860164999961853 0.9274801587301588 0.8321698662012799 0.9220238095238096 0.8298429319371727
0.6834247708320618 0.8904761904761904 0.8036649214659686 0.8820436507936508 0.793717277486911
0.6824835538864136 0.4838293650793651 0.14322280395578824 0.47966269841269843 0.1411285631180919
0.6822366118431091 0.18541666666666667 0.2627108784176847 0.1744047619047619 0.2559627690517743
0.6806524991989136 0.8909722222222223 0.9622454915648633 0.8875 0.9600349040139616
0.6791577935218811 0.9908730158730159 0.6796974985456661 0.9857142857142858 0.6769633507853403
0.6790916323661804 0.8797619047619047 0.9341477603257708 0.8764880952380952 0.9319953461314718
0.6789982914924622 0.825595238095238 0.5490401396160558 0.8220238095238095 0.5472949389179755
0.6783466339111328 0.9975198412698413 0.8720186154741129 0.9904761904761905 0.8685282140779523
0.67506343126297 0.11626984126984127 0.9244909831297266 0.10089285714285715 0.919197207678883
0.6719219088554382 0.5134920634920634 0.3114019778941245 0.5041666666666667 0.30488656195462477
0.6712614297866821 0.8212301587301587 0.6776614310645724 0.8157738095238095 0.6753344968004654
0.6694082617759705 0.49503968253968256 0.2670157068062827 0.49087301587301585 0.2651541593949971
0.6691864132881165 0.0935515873015873 0.5955788248981966 0.0882936507936508 0.5923792902850494
0.6671863794326782 0.36626984126984125 0.940023269342641 0.36319444444444443 0.9375799883653286
0.666964054107666 0.3968253968253968 0.8359511343804538 0.3923611111111111 0.833391506689936
0.6669589281082153 0.5037698412698413 0.2820826061663758 0.5004960317460317 0.2803374054682955
0.6660842895507812 0.3441468253968254 0.9943571844095405 0.34017857142857144 0.9922047702152414
0.6650638580322266 0.1943452380952381 0.6408958696916812 0.18601190476190477 0.6388598022105876
0.6647348403930664 0.5795634920634921 0.241652123327516 0.5756944444444444 0.2397324025596277
0.6627933382987976 0.8180555555555555 0.9521233275159977 0.814484126984127 0.9499709133216987
0.6613883376121521 0.27172619047619045 0.5605584642233857 0.26726190476190476 0.558173356602676
0.6604470014572144 0.38015873015873014 0.2699243746364165 0.3742063492063492 0.26550319953461315
0.6575061082839966 0.9447420634920635 0.44758580570098894 0.9406746031746032 0.44537521815008724
0.6563003659248352 0.873015873015873 0.041826643397324025 0.8693452380952381 0.03630017452006981
0.6550346612930298 0.11478174603174603 0.16084933100639906 0.11170634920634921 0.15700988947062244
0.6538196206092834 0.9433531746031746 0.47830133798720187 0.9404761904761905 0.47626527050610823
0.6525613069534302 0.1628968253968254 0.1159976730657359 0.15347222222222223 0.1118673647469459
0.6524419784545898 0.9481150793650793 0.7802210587550902 0.9449404761904762 0.7780104712041885
0.651766836643219 0.18680555555555556 0.12966841186736475 0.17976190476190476 0.12629435718440954
0.6499344706535339 0.09454365079365079 0.7116346713205352 0.0882936507936508 0.7062245491564864
0.6486673951148987 0.8222222222222222 0.5419429901105294 0.8197420634920635 0.5400814426992437
0.647964358329773 0.09722222222222222 0.9050029086678302 0.09176587301587301 0.9006399069226294
0.6479200124740601 0.6031746031746031 0.7759162303664922 0.5911706349206349 0.7708551483420594
0.6465206742286682 0.6725198412698413 0.8362420011634671 0.6684523809523809 0.8331588132635253
0.645465612411499 0.9113095238095238 0.9885980221058756 0.9076388888888889 0.9861547411285632
0.6447888016700745 0.31587301587301586 0.058755090168702735 0.30992063492063493 0.0537521815008726
0.6446123719215393 0.32103174603174606 0.6924956369982548 0.31746031746031744 0.6850494473531122
0.6444711685180664 0.8610119047619048 0.9498545666084933 0.8570436507936507 0.9476439790575916
0.6433908939361572 0.09246031746031746 0.37806864456079115 0.0880952380952381 0.3753344968004654
0.6408963799476624 0.9171626984126984 0.9227457824316463 0.9126984126984127 0.9197789412449099
0.6404168009757996 0.10496031746031746 0.1615474112856312 0.10148809523809524 0.15945317044793483
0.639117419719696 0.5749007936507936 0.23699825479930192 0.5704365079365079 0.23531122745782432
0.6358524560928345 0.25357142857142856 0.9369982547993019 0.2439484126984127 0.9307737056428156
0.6357372403144836 0.8576388888888888 0.833566026759744 0.8541666666666666 0.8315881326352531
0.6349661946296692 0.09295634920634921 0.6033158813263525 0.08720238095238095 0.6004653868528214
0.6342326402664185 0.15823412698412698 0.35386852821407794 0.15347222222222223 0.35101803374054685
0.6340445876121521 0.10049603174603175 0.7150087260034904 0.09712301587301587 0.7132053519488074
0.6323122382164001 0.8432539682539683 0.9278650378126818 0.8395833333333333 0.9247818499127399
0.6311607956886292 0.8674603174603175 0.7627690517742873 0.8581349206349206 0.7520069808027923
0.6291594505310059 0.9158730158730158 0.042815590459569515 0.8894841269841269 0.03670738801628854
0.62778240442276 0.6419642857142858 0.10605002908667831 0.6324404761904762 0.09970913321698661
0.6276311278343201 0.6055555555555555 0.8360674810936591 0.5972222222222222 0.83304246655032
0.6271253228187561 0.5607142857142857 0.8443862710878418 0.5555555555555556 0.837696335078534
0.6266707181930542 0.09345238095238095 0.5048283885980221 0.08779761904761904 0.5017452006980803
0.6243912577629089 0.8231150793650793 0.5200116346713205 0.8195436507936508 0.5176847004072135
0.6211628317832947 0.8712301587301587 0.9524723676556137 0.866468253968254 0.9501454333915067
0.619347095489502 0.39831349206349204 0.07766143106457242 0.38571428571428573 0.06980802792321117
0.61921626329422 0.3665674603174603 0.8609656777196044 0.35853174603174603 0.8566608493310064
0.6187915205955505 0.12609126984126984 0.1927283304246655 0.12242063492063492 0.1909831297265852
0.6159050464630127 0.7093253968253969 0.8367655613728913 0.7045634920634921 0.8332751599767306
0.6151511073112488 0.8199404761904762 0.7063990692262944 0.8160714285714286 0.7045375218150087
0.613089919090271 0.49811507936507937 0.2547411285631181 0.49375 0.2527632344386271
0.6118263602256775 0.9495039682539682 0.6671902268760908 0.9449404761904762 0.6642233856893542
0.6103298664093018 0.9929563492063492 0.5763234438627108 0.9892857142857143 0.5726585223967423
0.6071975231170654 0.7142857142857143 0.8362420011634671 0.710515873015873 0.8331006399069226
0.606197714805603 0.27152777777777776 0.5823734729493891 0.26706349206349206 0.5804537521815009
0.6034154295921326 0.09464285714285714 0.7678883071553229 0.08720238095238095 0.7615474112856312
0.6021853685379028 0.7932539682539682 0.9342059336823735 0.789781746031746 0.9317626527050611
0.6014836430549622 0.9405753968253968 0.7242001163467132 0.9371031746031746 0.7220477021524142
0.6011002063751221 0.6290674603174603 0.08074461896451425 0.6193452380952381 0.07737056428155904
0.6003676652908325 0.13759920634920636 0.9236765561372892 0.12876984126984126 0.918848167539267
0.5958135724067688 0.9446428571428571 0.814892379290285 0.9399801587301587 0.8126817917393834
0.5921671390533447 0.39186507936507936 0.8365328679464805 0.3856150793650794 0.8333333333333334
0.591292679309845 0.09781746031746032 0.8593368237347295 0.09246031746031746 0.8570098894706225
0.5903893113136292 0.5889880952380953 0.2622454915648633 0.584920634920635 0.25986038394415356
0.5893959999084473 0.09692460317460318 0.6107038976148924 0.09186507936507937 0.6082024432809773
0.5886645317077637 0.27152777777777776 0.35317044793484587 0.2669642857142857 0.3507853403141361
0.5871797800064087 0.22807539682539682 0.9975567190226876 0.22390873015873017 0.9952879581151832
0.5869016647338867 0.12430555555555556 0.14415357766143105 0.12053571428571429 0.1411867364746946
0.5845385193824768 0.7236111111111111 0.987783595113438 0.7181547619047619 0.9848749272833043
0.5844504237174988 0.15069444444444444 0.22129144851657942 0.14146825396825397 0.21384525887143688
0.583351731300354 0.898015873015873 0.5778941244909831 0.8932539682539683 0.5751018033740547
0.5752135515213013 0.09503968253968254 0.42065154159394996 0.0880952380952381 0.4150087260034904
0.5728042125701904 0.8410714285714286 0.9614892379290285 0.8369047619047619 0.9595695171611403
0.5727192759513855 0.3242063492063492 0.05654450261780105 0.319047619047619 0.05148342059336824
0.5721543431282043 0.5080357142857143 0.24275741710296683 0.5040674603174603 0.23990692262943572
0.5712939500808716 0.5882936507936508 0.26527050610820246 0.584920634920635 0.2630017452006981
0.5689970850944519 0.36299603174603173 0.09714950552646888 0.35773809523809524 0.09115764979639325
0.5679487586021423 0.8302579365079366 0.9336823734729494 0.8264880952380952 0.9315881326352531
0.5674658417701721 0.26964285714285713 0.7380453752181501 0.26517857142857143 0.7360674810936592
0.567266583442688 0.285515873015873 0.940023269342641 0.2820436507936508 0.9372891215823153
0.5664375424385071 0.5043650793650793 0.28429319371727746 0.5004960317460317 0.2822571262361838
0.5661647319793701 0.2429563492063492 0.981675392670157 0.2386904761904762 0.9796393251890634
0.56600421667099 0.27152777777777776 0.5787085514834206 0.2671626984126984 0.576672484002327
0.5658978223800659 0.33343253968253966 0.08097731239092495 0.3217261904761905 0.07789412449098312
0.5655303001403809 0.8560515873015873 0.9397324025596276 0.8536706349206349 0.9376381617219314
0.5629510879516602 0.946329365079365 0.6515415939499709 0.9429563492063492 0.6491564863292612
0.5604821443557739 0.9996031746031746 0.7589877835951134 0.9916666666666667 0.7546247818499128
0.5588407516479492 0.15367063492063493 0.7429901105293776 0.1492063492063492 0.7413030831879
0.5587120652198792 0.6965277777777777 0.8365328679464805 0.6900793650793651 0.8333333333333334
0.5583381652832031 0.669047619047619 0.20837696335078534 0.6632936507936508 0.2059918557300756
0.5573235750198364 0.9442460317460317 0.6417102966841187 0.941468253968254 0.6399069226294357
0.5557119250297546 0.8263888888888888 0.6509598603839442 0.8224206349206349 0.6490401396160559
0.5551663041114807 0.9438492063492063 0.6915066899360093 0.9415674603174603 0.689936009307737
0.5545317530632019 0.9929563492063492 0.8553810354857475 0.9896825396825397 0.8539267015706806
0.5545299053192139 0.6745039682539683 0.21419429901105294 0.6672619047619047 0.21128563118091914
0.5542685389518738 0.6656746031746031 0.254217568353694 0.6567460317460317 0.2503781268179174
0.5525725483894348 0.2119047619047619 0.4698080279232112 0.20833333333333334 0.46695753344968005
0.551624596118927 0.9600198412698413 0.816695753344968 0.9566468253968254 0.8137289121582315
0.5484597682952881 0.2675595238095238 0.7181500872600349 0.2623015873015873 0.7160558464223385
0.5476813316345215 0.09632936507936508 0.12088423502036068 0.09206349206349207 0.1174520069808028
0.5476229190826416 0.8762896825396825 0.9617219313554393 0.8713293650793651 0.9596858638743455
0.546903133392334 0.9968253968253968 0.50413030831879 0.9901785714285715 0.4973821989528796
0.5467137694358826 0.9985119047619048 0.8556137289121583 0.9944444444444445 0.8531122745782431
0.5451564192771912 0.2984126984126984 0.16166375799883653 0.2869047619047619 0.15805700988947063
0.5451365113258362 0.09553571428571428 0.6514252472367655 0.08819444444444445 0.6471204188481675
0.5405111312866211 0.09166666666666666 0.6627108784176847 0.08740079365079365 0.6597440372309482
0.5396708846092224 0.4967261904761905 0.2649214659685864 0.49186507936507934 0.2629435718440954
0.5375452637672424 0.39146825396825397 0.193717277486911 0.3871031746031746 0.19168121000581734
0.5367205739021301 0.9982142857142857 0.8482257126236183 0.9938492063492064 0.8453170447934846
0.5355027318000793 0.9263888888888889 0.8447353112274578 0.9178571428571428 0.8421756835369401
0.5343278646469116 0.0943452380952381 0.6588714368819081 0.08720238095238095 0.6547993019197208
0.5337408781051636 0.10009920634920635 0.07835951134380453 0.09613095238095239 0.07533449680046539
0.5320340991020203 0.957936507936508 0.6278068644560791 0.9541666666666667 0.6260616637579989
0.5297878980636597 0.09136904761904761 0.8318208260616637 0.0873015873015873 0.8296684118673647
0.5291550159454346 0.0935515873015873 0.4051192553810355 0.08819444444444445 0.40302501454333917
0.5283518433570862 0.09682539682539683 0.7288539848749273 0.09206349206349207 0.7262943571844095
0.5283313393592834 0.5129960317460317 0.2525305410122164 0.503968253968254 0.2471785922047702
0.5270519852638245 0.2693452380952381 0.4246655031995346 0.26517857142857143 0.4214659685863874
0.5249207019805908 0.891170634920635 0.8523560209424084 0.8868055555555555 0.8492146596858638
0.5248461961746216 0.946329365079365 0.7015706806282722 0.9429563492063492 0.6991855730075626
0.524211585521698 0.3357142857142857 0.9401977894124491 0.3323412698412698 0.93717277486911
0.5231184959411621 0.13422619047619047 0.16573589296102384 0.12817460317460316 0.1631762652705061
0.5223796963691711 0.8240079365079365 0.7611401977894124 0.8200396825396825 0.7590459569517161
0.5218688249588013 0.8922619047619048 0.9759744037230949 0.8841269841269841 0.972891215823153
0.5210134387016296 0.9491071428571428 0.6460732984293194 0.9455357142857143 0.6441535776614311
0.5195852518081665 0.4035714285714286 0.9807446189645143 0.4 0.9775450843513671
0.5186640024185181 0.28918650793650796 0.9400814426992438 0.28601190476190474 0.9372309482257126
0.5168419480323792 0.9012896825396826 0.9271087841768471 0.8975198412698413 0.9245491564863293
0.5130870938301086 0.40634920634920635 0.2397324025596277 0.4025793650793651 0.2377545084351367
0.5122849345207214 0.32410714285714287 0.08888888888888889 0.31805555555555554 0.08458406050029087
0.5122488737106323 0.2706349206349206 0.4551483420593368 0.26666666666666666 0.452065154159395
0.5118324756622314 0.27212301587301585 0.7150087260034904 0.2628968253968254 0.7111692844677138
0.5100380778312683 0.2322420634920635 0.9870855148342059 0.22876984126984126 0.9847585805700989
0.5098665356636047 0.10119047619047619 0.08406050029086679 0.09771825396825397 0.08132635253054102
0.5094873309135437 0.7324404761904761 0.9226294357184409 0.7291666666666666 0.9207097149505526
0.5090038776397705 0.6011904761904762 0.247934845840605 0.596031746031746 0.24444444444444444
0.5079400539398193 0.10069444444444445 0.773065735892961 0.09722222222222222 0.7712623618382781
0.5068987011909485 0.27152777777777776 0.49284467713787083 0.26706349206349206 0.49040139616055844
0.5056376457214355 0.674404761904762 0.977370564281559 0.6697420634920634 0.9743455497382199
0.5048146843910217 0.5626984126984127 0.21873182082606166 0.5584325396825397 0.21721931355439208
0.5037943720817566 0.09166666666666666 0.1176847004072135 0.0871031746031746 0.11529959278650379
0.5027397274971008 0.8240079365079365 0.8077370564281559 0.8205357142857143 0.805759162303665
0.500590443611145 0.821031746031746 0.6724840023269343 0.8139880952380952 0.6695171611401978
