0.9999934434890747 0.11419392523364486 0.3583568589041885 0.10105140186915888 0.3528835628276776
0.9999803304672241 0.20570482866043613 0.35801117704672464 0.1975272585669782 0.353459699256784
0.9999456405639648 0.2807632398753894 0.35864492711874174 0.2700545171339564 0.3538629947571585
0.9999152421951294 0.11156542056074767 0.41378118338422537 0.10387461059190031 0.40801981909316126
0.9997785687446594 0.44567757009345793 0.1758944518061877 0.4375 0.1725528605173705
0.9997203946113586 0.46105919003115264 0.5019876706804172 0.45366043613707163 0.4980699429624935
0.9994875192642212 0.21047507788161993 0.5950337039811028 0.2034657320872274 0.5892723396900386
0.9994843006134033 0.43292445482866043 0.8533156651495074 0.4215342679127726 0.8468053235006049
0.9994831085205078 0.46115654205607476 0.51212767183269 0.45258956386292837 0.5078642622573025
0.9994373917579651 0.6651090342679128 0.8540070288644351 0.6514797507788161 0.8463444143573198
0.9994283318519592 0.9002141744548287 0.38704845307368785 0.8887266355140186 0.38007720228150027
0.9993126392364502 0.21475856697819315 0.6165235927867719 0.2071651090342679 0.6085152964221928
0.9992321729660034 0.3830802180685358 0.4564152791380999 0.37519470404984423 0.4437978913406695
0.9992007613182068 0.2595404984423676 0.8525090741487584 0.24581386292834892 0.8467477098576943
0.9991986155509949 0.21047507788161993 0.8315953217721956 0.2028816199376947 0.8259491847669528
0.9990178346633911 0.8414135514018691 0.8442127095696261 0.8317757009345794 0.8375871406349024
0.9990068078041077 0.29633956386292837 0.8523938468629372 0.2837811526479751 0.8457682779282134
0.9990052580833435 0.5061331775700935 0.40381402316068443 0.4957165109034268 0.396497090511033
0.9989601373672485 0.8733450155763239 0.8321714582013021 0.8690615264797508 0.8297516851990552
0.9988858103752136 0.1927570093457944 0.6861208734228266 0.18506619937694704 0.6772483724145878
0.9987394213676453 0.953952492211838 0.6104741602811545 0.9457749221183801 0.6053465460621075
0.9986942410469055 0.16355140186915887 0.4724894855101688 0.15537383177570094 0.46344414357319813
0.9985472559928894 0.18029595015576325 0.8230685026214207 0.17192367601246106 0.8145416834706458
0.9985204339027405 0.82398753894081 0.9571354496744829 0.8188278816199377 0.9537938583856658
0.9985008239746094 0.655373831775701 0.15636342685948032 0.6494353582554517 0.15273376735610994
0.9984745383262634 0.21534267912772587 0.5729100651034165 0.20697040498442368 0.564152791380999
0.9982252717018127 0.15878115264797507 0.8235870254076165 0.15118769470404986 0.8156939563288587
0.9982191920280457 0.4921144859813084 0.8355130494901193 0.4872468847352025 0.8315953217721956
0.998119056224823 0.911993769470405 0.5955522267672985 0.9024532710280374 0.5878319986172725
0.9980863332748413 0.16325934579439252 0.7103186034452958 0.15547118380062305 0.7012732615083251
0.9980692267417908 0.8928154205607477 0.4028345912312036 0.8865848909657321 0.39782220429797777
0.9980655312538147 0.21368769470404986 0.6861208734228266 0.20735981308411214 0.6790343953448177
0.998042106628418 0.6087422118380063 0.40312265944575676 0.5879088785046729 0.39684277236849685
0.9977796673774719 0.8396612149532711 0.7471337212651956 0.8250584112149533 0.7402776977588293
0.9977248311042786 0.1953855140186916 0.5727372241746845 0.1859423676012461 0.5648441550959267
0.9976630210876465 0.5371884735202492 0.8530275969349542 0.5244353582554517 0.8445583914270899
0.9975698590278625 0.2596378504672897 0.8650688483032782 0.24581386292834892 0.8577519156536267
0.9975523352622986 0.8733450155763239 0.8523938468629372 0.8597157320872274 0.8449616869274644
0.997420072555542 0.272196261682243 0.8318257763438383 0.26031931464174457 0.8273895258397188
0.9972934126853943 0.7868964174454829 0.8526243014345797 0.7673286604361371 0.8449040732845537
0.9972348809242249 0.18049065420560748 0.7729446332891629 0.172702492211838 0.7660309961398859
0.9971746206283569 0.23705218068535824 0.4626951662153598 0.22439641744548286 0.4565881200668318
0.9970978498458862 0.16364875389408098 0.6928616696433716 0.15381619937694704 0.6843348504925967
0.9970883727073669 0.19314641744548286 0.6167540473584144 0.18574766355140188 0.6086881373509248
0.9970466494560242 0.16530373831775702 0.5520539263697644 0.1519665109034268 0.5422596070749554
0.9970129728317261 0.9063473520249221 0.8504349830039754 0.9008956386292835 0.8458835052140347
0.9969362020492554 0.6250973520249221 0.7751339517197673 0.6153621495327103 0.7708129285014691
0.9969071745872498 0.10640576323987538 0.04234602753932131 0.09725467289719626 0.03744886789191681
0.9968975782394409 0.9126752336448598 0.49236619231434003 0.9030373831775701 0.4842426686639396
0.9967557787895203 0.466316199376947 0.9096618079161145 0.4623247663551402 0.9066082848418505
0.996698796749115 0.7849493769470405 0.8346488448464596 0.7789135514018691 0.8313648672005531
0.9966663718223572 0.2134929906542056 0.4980699429624935 0.2070677570093458 0.4907530103128421
0.9965717792510986 0.9143302180685359 0.5579881315895604 0.9026479750778816 0.5502679034395345
0.9964871406555176 0.8389797507788161 0.7619404274932304 0.8275895638629284 0.7540473584144726
0.9963043928146362 0.1625778816199377 0.5993547271994009 0.15566588785046728 0.5910583626202685
0.9961590766906738 0.8956386292834891 0.6944172380019589 0.8843457943925234 0.6866970098519329
0.9959314465522766 0.8323598130841121 0.40306504580284613 0.8221378504672897 0.3975341360834245
0.9959096908569336 0.42416277258566976 0.4561272109235467 0.4157904984423676 0.4459872097712738
0.9957447648048401 0.6460280373831776 0.5030247162528086 0.6361954828660437 0.4971481246759233
0.9957281947135925 0.3989485981308411 0.8523938468629372 0.3860007788161994 0.8452497551420176
0.9956318140029907 0.3997274143302181 0.8614391887999078 0.3860007788161994 0.8568300973670565
0.9955456256866455 0.5016549844236761 0.7759981563634268 0.49133566978193144 0.7705248602869159
0.9955205917358398 0.9291277258566978 0.7757100881488737 0.9182242990654206 0.7671256553551881
0.9954888224601746 0.8937889408099688 0.8171342974016247 0.8876557632398754 0.8125252059687734
0.9954719543457031 0.1620911214953271 0.7341130379673907 0.15478971962616822 0.727314628103935
0.9953523874282837 0.8521222741433022 0.9937777265656508 0.8457943925233645 0.988765339632425
0.995322048664093 0.4839369158878505 0.7648787232816731 0.473714953271028 0.7607881546350176
0.9952197670936584 0.8924260124610592 0.6595033703981102 0.8813278816199377 0.652474505963012
0.995215654373169 0.14807242990654207 0.6449847323846287 0.14018691588785046 0.6403756409517773
0.9950878024101257 0.2750194704049844 0.4389583453361756 0.26294781931464173 0.4321023218298093
0.9949656128883362 0.2266355140186916 0.8219162297632079 0.2175817757009346 0.8179408884023737
0.9949239492416382 0.9298091900311527 0.7486316759808723 0.9198792834890965 0.7403353114017399
0.9947595000267029 0.26246105919003115 0.4384974361928905 0.2564252336448598 0.4357895949760903
0.9946228265762329 0.15761292834890966 0.7768623610070865 0.14885124610591902 0.7659733824969753
0.9945257902145386 0.8719820872274143 0.8238174799792591 0.8677959501557633 0.8215129342628334
0.9944966435432434 0.2870911214953271 0.41026675116667627 0.2833917445482866 0.40853834187935706
0.9944943785667419 0.6460280373831776 0.7453476983349657 0.642231308411215 0.7429855389756295
0.9942094087600708 0.2876752336448598 0.39557527222446276 0.28407320872274144 0.3939620902229648
0.994186282157898 0.6592679127725857 0.177450020164775 0.6470989096573209 0.17151581494497897
0.9938400387763977 0.10572429906542057 0.10526012559774155 0.10183021806853583 0.10289796623840526
0.993766188621521 0.8251557632398754 0.8439822549979835 0.8180490654205608 0.8356282767759405
0.9935994148254395 0.7772585669781932 0.3366941291697874 0.7663551401869159 0.33099037852163393
0.9935659766197205 0.9124805295950156 0.6585239384686293 0.9042056074766355 0.6506308693898715
0.9934566617012024 0.18399532710280375 0.8518753240767414 0.1715342679127726 0.8454225960707495
0.9928172826766968 0.3983644859813084 0.7916690672351213 0.39476246105919005 0.7897678170190701
0.9924445748329163 0.9300038940809969 0.7178659906665898 0.9197819314641744 0.7095120124445469
0.9919690489768982 0.96875 0.7768623610070865 0.9651479750778816 0.7735783833611799
0.9918326139450073 0.8936915887850467 0.46165812064296824 0.8860007788161994 0.45555107449444027
0.9917436242103577 0.27463006230529596 0.40485106873307597 0.2637266355140187 0.3967275450826756
0.9912069439888 0.7579828660436138 0.30172264792302816 0.7529205607476636 0.2983234429913003
0.9910969734191895 0.8813278816199377 0.8218586161202973 0.8768496884735203 0.8198421386184248
0.9909145832061768 0.275506230529595 0.45480209713660197 0.26791277258566976 0.4494440283459123
0.9907565712928772 0.5011682242990654 0.7649939505674944 0.4921144859813084 0.7612490637783027
0.9907059073448181 0.8090926791277259 0.4234602753932131 0.8044197819314641 0.4215014115342513
0.990594744682312 0.8995327102803738 0.40657947802039524 0.8939836448598131 0.4036411822319525
0.9905565977096558 0.9079049844236761 0.8367229359912427 0.9043029595015576 0.8330932764878723
0.990349531173706 0.9682632398753894 0.8054387278907645 0.9653426791277259 0.8019242956732154
0.990166425704956 0.8251557632398754 0.48614391887999076 0.8209696261682243 0.4837817595206545
0.9898855686187744 0.9450934579439252 0.7746154289335715 0.940809968847352 0.7723684968600565
0.9898555278778076 0.16540109034267914 0.4482341418447888 0.15235591900311526 0.4384974361928905
0.9897152781486511 0.874123831775701 0.8639165754450654 0.8571845794392523 0.8582128247969119
0.9897086024284363 0.9536604361370716 0.5509592671544622 0.9503504672897196 0.5480785850089301
0.9894843697547913 0.8035436137071651 0.8347640721322809 0.7992601246105919 0.8316529354151063
0.9891518354415894 0.8534852024922118 0.7704672466440053 0.8489096573208723 0.7679898599988477
0.9891051650047302 0.9223130841121495 0.8637437345163335 0.9073208722741433 0.8570605519386991
0.9890517592430115 0.4544392523364486 0.743215993547272 0.44674844236760125 0.7400472431871867
0.9890443086624146 0.6667640186915887 0.8637437345163335 0.6501168224299065 0.8572910065103416
0.9890101552009583 0.6228582554517134 0.07760557700063375 0.6145833333333334 0.06965489427896526
0.9889615178108215 0.8751947040498442 0.8159820245434118 0.8679906542056075 0.8113729331105606
0.9888678193092346 0.8684774143302181 0.4645388027885003 0.8605919003115264 0.4617157342858789
0.9879250526428223 0.19285436137071651 0.4974938065333871 0.18740264797507789 0.48971596474045054
0.9878061413764954 0.8259345794392523 0.577173474678804 0.8217484423676013 0.5734285878896123
0.9877818822860718 0.8294392523364486 0.966929768969292 0.8245716510903427 0.9649132914674194
0.9876930117607117 0.510708722741433 0.24906377830270207 0.5060358255451713 0.24716252808665093
0.9875762462615967 0.893886292834891 0.5569510860171689 0.8867795950155763 0.5499798352249813
0.9873377084732056 0.8542640186915887 0.46027539321311284 0.849493769470405 0.457682779282134
0.9871654510498047 0.16433021806853582 0.5759635881776805 0.1550817757009346 0.5672639280981736
0.9863600134849548 0.893886292834891 0.5940542720516219 0.885708722741433 0.5860459756870426
0.9861481189727783 0.5885903426791277 0.9100074897735784 0.5851830218068536 0.9064354439131186
0.9859927296638489 0.9683605919003115 0.7482859941234085 0.965440031152648 0.7447715619058594
0.9854199290275574 0.967873831775701 0.42743561675404734 0.9639797507788161 0.42403641182231955
0.9851425290107727 0.8402453271028038 0.9694647692573601 0.8335280373831776 0.9643371550383131
0.9848566651344299 0.10786604361370716 0.7875784985884657 0.10183021806853583 0.7845825891571124
0.9846246242523193 0.9969820872274143 0.8510687330759924 0.9873442367601246 0.8466900962147836
0.9845608472824097 0.2822235202492212 0.8333237310595148 0.27832943925233644 0.8314800944863744
0.9841418862342834 0.21485591900311526 0.47243187186725816 0.20969626168224298 0.46799562136313877
0.9841054081916809 0.9536604361370716 0.37103186034452956 0.9501557632398754 0.36792072362735495
0.9835622906684875 0.15751557632398755 0.6453880278850032 0.1483644859813084 0.6405484818805093
0.9823695421218872 0.9873442367601246 0.9578268133894106 0.9833528037383178 0.9536210174569338
0.9815722703933716 0.16442757009345793 0.6520712104626376 0.15391355140186916 0.6453880278850032
0.9814775586128235 0.8483255451713395 0.496226306389353 0.8448208722741433 0.4938641470300167
0.9813554883003235 0.5359228971962616 0.8627643025868525 0.5220989096573209 0.8576366883678055
0.9813178181648254 0.6960669781931464 0.9619173820360661 0.6875973520249221 0.9588062453188915
0.9812158942222595 0.29692367601246106 0.8632252117301377 0.2823208722741433 0.8577519156536267
0.9804211854934692 0.7853387850467289 0.925159877859077 0.7816394080996885 0.922279195713545
0.9803962111473083 0.20979361370716512 0.9179005588523362 0.205607476635514 0.9148470357780722
0.9803704023361206 0.8962227414330218 0.8523938468629372 0.8882398753894081 0.8488794146453881
0.9802221655845642 0.9454828660436138 0.5312554012790228 0.9354556074766355 0.5218643774845884
0.9795730113983154 0.8498831775700935 0.5041769891110215 0.8464758566978193 0.5008353978222043
0.9795249700546265 0.8681853582554517 0.775652474505963 0.8605919003115264 0.7734631560753586
0.9793283939361572 0.18341121495327103 0.8635708935876015 0.169392523364486 0.8595379385838566
0.9788554310798645 0.8308995327102804 0.8037103186034453 0.8270054517133957 0.8014057728870196
0.9788009524345398 0.5579244548286605 0.9210693092124215 0.5528621495327103 0.9189376044247278
0.9784295558929443 0.9286409657320872 0.8065910007489774 0.9215342679127726 0.7979489543123812
0.9776697754859924 0.5676596573208723 0.8536037333640606 0.5575350467289719 0.8462291870714985
0.9770491719245911 0.10864485981308411 0.8442703232125367 0.0995911214953271 0.8404678227804344
0.9770395755767822 0.9453855140186916 0.7459814484069828 0.940809968847352 0.7436192890476465
0.9767380356788635 0.7865070093457944 0.8648960073745463 0.7683995327102804 0.8574638474390736
0.9765151739120483 0.10046728971962617 0.10307080716713718 0.09764408099688474 0.10111194330817537
0.976421058177948 0.1631619937694704 0.11395978567724838 0.15566588785046728 0.10756467131416719
0.9750350713729858 0.4729361370716511 0.8356282767759405 0.4679711838006231 0.8317105490580169
0.9749510884284973 0.6659852024922118 0.6906723512127672 0.6621884735202492 0.6847381459929711
0.9749284386634827 0.822429906542056 0.3994353862994757 0.8181464174454829 0.39724606786887134
0.9743658304214478 0.6065031152647975 0.7657429279253327 0.5985202492211839 0.7592325862764303
0.9743396043777466 0.22381230529595014 0.47899982715907125 0.21105919003115264 0.4752549403698796
0.9743330478668213 0.6536214953271028 0.1307829694071556 0.6457359813084113 0.12778705997580228
0.9736600518226624 0.9127725856697819 0.9672754508267558 0.9068341121495327 0.9647980641815982
0.9735850095748901 0.21787383177570094 0.7569856542029153 0.20414719626168223 0.7482859941234085
0.9730141758918762 0.10640576323987538 0.08261796393385953 0.10348520249221184 0.08071671371780838
0.9729886651039124 0.28086059190031154 0.7274874690326669 0.275506230529595 0.7254133778878838
0.9728681445121765 0.8518302180685359 0.7759405427205163 0.848617601246106 0.7740969061473757
0.9728654026985168 0.6081580996884736 0.36694129169787404 0.5952102803738317 0.3591634499049375
0.9724621176719666 0.28105529595015577 0.5059053983983407 0.2743380062305296 0.5022757388949703
0.9724332690238953 0.8381035825545171 0.993259203779455 0.8311915887850467 0.989399089704442
0.9715963006019592 0.49980529595015577 0.28426571412110385 0.49552180685358255 0.2819611684046782
0.9712443351745605 0.22429906542056074 0.4633289162873768 0.20998831775700935 0.45382266520712106
0.9697108864784241 0.9612538940809969 0.5871406349023449 0.9567757009345794 0.5850089301146512
0.9689726233482361 0.8916471962616822 0.4943826698162125 0.883177570093458 0.48527971423633115
0.9689341187477112 0.8639992211838006 0.966929768969292 0.858547507788162 0.9649709051103301
0.9682608246803284 0.643886292834891 0.366307541625857 0.6396028037383178 0.3626778821224866
0.9681656956672668 0.7507788161993769 0.29889957942040674 0.7398753894080997 0.2921011695569511
0.9679057598114014 0.9971767912772586 0.587774384974362 0.9930880062305296 0.5852393846862937
0.9678109884262085 0.2897196261682243 0.9098922624877571 0.2867017133956386 0.9064930575560293
0.9673252701759338 0.9529789719626168 0.7971999769545428 0.9494742990654206 0.7951834994526704
0.9671342372894287 0.9740070093457944 0.5509016535115515 0.9700155763239875 0.5483666532234833
0.9661539196968079 0.18156152647975077 0.4223080025350003 0.171047507788162 0.4174108428875958
0.9660294055938721 0.9926985981308412 0.747709857694302 0.9891939252336449 0.745462925620787
0.9656549692153931 0.3270054517133956 0.3917727717923604 0.3134735202492212 0.3862994757158495
0.9653602838516235 0.8466705607476636 0.3633692458374143 0.8434579439252337 0.36117992740680993
0.964163064956665 0.9650506230529595 0.8284841850550211 0.9602803738317757 0.8251425937662038
0.9641538262367249 0.823208722741433 0.9096618079161145 0.8199961059190031 0.9069539666993144
0.9641060829162598 0.32505841121495327 0.9098922624877571 0.32174844236760125 0.9062049893414761
0.9637150168418884 0.5661993769470405 0.26075934781356225 0.5620132398753894 0.25908855216915366
0.963395357131958 0.3416082554517134 0.3200437863686121 0.3241822429906542 0.31232355821858615
0.963317334651947 0.10864485981308411 0.8892089646828369 0.09939641744548286 0.8844846459641643
0.9624148607254028 0.21359034267912771 0.7728294060033416 0.2059968847352025 0.7632655412801751
0.962236762046814 0.8177570093457944 0.3615256092642738 0.8005257009345794 0.3541510629717117
0.9620326161384583 0.9537577881619937 0.5151235812640433 0.9503504672897196 0.5116667626894048
0.9620149731636047 0.51976246105919 0.9098346488448464 0.5165498442367601 0.9062626029843867
0.9616920351982117 0.9522001557632399 0.5896756351904131 0.9487928348909658 0.5871982485452555
0.961571991443634 0.16647196261682243 0.6040790459180734 0.15878115264797507 0.6000460909143285
0.9609443545341492 0.9603777258566978 0.7403929250446506 0.9569704049844237 0.7380307656853142
0.9606860876083374 0.9537577881619937 0.5735438151754335 0.9503504672897196 0.5700293829578844
0.9587474465370178 0.18652647975077882 0.1292274010485683 0.1790303738317757 0.12651955983176816
0.9586093425750732 0.10630841121495327 0.7651091778533157 0.10085669781931464 0.7617099729215878
0.9580572247505188 0.8611760124610592 0.7455205392636977 0.8571845794392523 0.7422365616177911
0.9570565223693848 0.5007788161993769 0.9096618079161145 0.4974688473520249 0.9062626029843867
0.9561017155647278 0.9536604361370716 0.5975110906262603 0.9500584112149533 0.5944575675519963
0.9553825855255127 0.10747663551401869 0.8685832805208273 0.10231697819314642 0.8660482802327591
0.9550102949142456 0.3775311526479751 0.4775018724433946 0.3732476635514019 0.4747364175836838
0.9549129009246826 0.5936526479750779 0.21311286512646194 0.5850856697819314 0.20850377369361064
0.9538724422454834 0.23335280373831777 0.1492193351385608 0.22371495327102803 0.14380365270496054
0.9535391330718994 0.11253894080996885 0.1420752434176413 0.10903426791277258 0.13861842484300282
0.9533547759056091 0.8092873831775701 0.38243936164083653 0.8047118380062306 0.3805381114247854
0.9532597064971924 0.5093457943925234 0.2516563922336809 0.5039914330218068 0.24912139194561272
0.9520198702812195 0.37538940809968846 0.9210693092124215 0.3710085669781931 0.9189952180676384
0.9514380693435669 0.8229166666666666 0.9932015901365443 0.8171728971962616 0.988765339632425
0.9512987732887268 0.39953271028037385 0.2619116206717751 0.39602803738317754 0.2600679840986346
0.9511347413063049 0.44567757009345793 0.7373970156132972 0.43088006230529596 0.7295039465345394
0.9510906338691711 0.6468068535825545 0.5125885809759751 0.6389213395638629 0.5082099441147664
0.9500513076782227 0.9715732087227414 0.9207236273549576 0.9673870716510904 0.9181310134239788
0.9499668478965759 0.10942367601246106 0.8579823702252694 0.10621105919003115 0.8559082790804863
0.9483456015586853 0.28309968847352024 0.6116840467822781 0.273851246105919 0.6074206372068905
0.9483285546302795 0.7492211838006231 0.30437287549691766 0.7411409657320872 0.30166503428011754
0.9482032060623169 0.2801791277258567 0.7651091778533157 0.2756035825545171 0.7629198594227113
0.9481412768363953 0.38015965732087226 0.8821224866048281 0.376654984423676 0.8790113498876534
0.947819709777832 0.9979556074766355 0.6880221236388777 0.9923091900311527 0.6841043959209541
0.9473515748977661 0.9606697819314641 0.5076914213285706 0.9568730529595015 0.5047531255401279
0.947279691696167 0.19811137071651092 0.13262660598029613 0.19149143302180685 0.12899694647692572
0.9462787508964539 0.8254478193146417 0.6454456415279138 0.8177570093457944 0.6403756409517773
0.9459423422813416 0.5599688473520249 0.8343607766319064 0.5565615264797508 0.8319986172725702
0.9459245204925537 0.8150311526479751 0.3823817479979259 0.8111370716510904 0.38082617963933857
0.9452493786811829 0.10504283489096573 0.09921069309212421 0.10144080996884736 0.09690614737569857
0.9444811940193176 0.28095794392523366 0.5568358587313476 0.2750194704049844 0.5548769948723857
0.9441820383071899 0.10747663551401869 0.8203030477617099 0.10144080996884736 0.817883274759463
0.9422247409820557 0.9807242990654206 0.9577691997465 0.9685552959501558 0.9529872673849168
0.9403475522994995 0.996690031152648 0.3722993604885637 0.9930880062305296 0.36976436020049547
0.9403401613235474 0.6062110591900312 0.7744425880048396 0.5985202492211839 0.7705824739298266
0.9394688010215759 0.5869353582554517 0.27498991761249064 0.5786604361370716 0.2699199170363542
0.9392554759979248 0.9608644859813084 0.36348447312323556 0.9574571651090342 0.3607190182635248
0.9391444325447083 0.8968068535825545 0.9679092008987729 0.891452492211838 0.9646828368957769
0.9389972686767578 0.5679517133956387 0.2707841216800138 0.5619158878504673 0.2681338941061243
0.9389018416404724 0.6692951713395638 0.3354266290257533 0.6587811526479751 0.3277064008757274
0.9386575818061829 0.7348130841121495 0.9098346488448464 0.7316978193146417 0.906377830270208
0.938251256942749 0.9457749221183801 0.803422250388892 0.939933800623053 0.801175318315377
0.9377485513687134 0.9450934579439252 0.4919052831710549 0.9406152647975078 0.48890937373970156
0.9374808669090271 0.7926401869158879 0.9396785158725586 0.7899143302180686 0.9369130610128479
0.9373217821121216 0.6063084112149533 0.35098231261162643 0.5965732087227414 0.3439534481765282
0.9359807968139648 0.8159073208722741 0.9673330644696664 0.8107476635514018 0.9647980641815982
0.9353638887405396 0.7446456386292835 0.38566572564383245 0.7383177570093458 0.38243936164083653
0.9350695610046387 0.2770638629283489 0.48677766895200786 0.2731697819314642 0.48493403237886734
0.9349733591079712 0.2674260124610592 0.4591807339978107 0.2642133956386293 0.4569914155672063
0.9335934519767761 0.7068730529595015 0.9624935184651725 0.7017133956386293 0.9591519271763553
0.9329291582107544 0.9042056074766355 0.8290027078412168 0.9006035825545171 0.8271014576251656
0.9328341484069824 0.7007398753894081 0.967563519041309 0.6971378504672897 0.9642795413954024
0.9325118660926819 0.9429517133956387 0.736302356397995 0.9382788161993769 0.7339978106815694
0.9318140745162964 0.517231308411215 0.29861151120585355 0.5062305295950156 0.29469378348792996
0.9317100048065186 0.21164330218068536 0.8216281615486547 0.2018107476635514 0.8179408884023737
0.9316012263298035 0.31045560747663553 0.8356282767759405 0.30091510903426794 0.8312496399147318
0.9315742254257202 0.4327297507788162 0.5528029037276027 0.42289719626168226 0.5501526761537132
0.9309643507003784 0.3773364485981308 0.6343838220890707 0.373345015576324 0.6303508670853258
0.930275022983551 0.5052570093457944 0.6513222331047992 0.5016549844236761 0.6486143918879991
0.928260862827301 0.4887071651090343 0.9098922624877571 0.4854945482866044 0.9066082848418505
0.926548182964325 0.404595015576324 0.25753298381056633 0.4006035825545171 0.2551132108083194
0.9261719584465027 0.11224688473520249 0.08279080486259147 0.10747663551401869 0.08014057728870197
0.9260643720626831 0.9521028037383178 0.6392233680935645 0.9481113707165109 0.6362850723051219
0.9255765080451965 0.9527842679127726 0.4196577749611108 0.9490848909657321 0.4171227746730426
0.9255125522613525 0.8584501557632399 0.3708590194157977 0.8557242990654206 0.36803595091317626
0.9254091382026672 0.4676791277258567 0.06135852969983292 0.45882009345794394 0.05536671083712623
0.9244163632392883 0.6081580996884736 0.06752318949127153 0.5966705607476636 0.06372068905916921
0.9217853546142578 0.8266160436137072 0.6634210981160339 0.8219431464174455 0.6605404159705018
0.9211378693580627 0.7192367601246106 0.9021144206948205 0.7142718068535826 0.899637034049663
0.920487105846405 0.7353971962616822 0.9246989687157919 0.731892523364486 0.9225096502851875
0.9203678369522095 0.9542445482866043 0.39499913579535634 0.950642523364486 0.39154231722071786
0.9192543625831604 0.9216316199376947 0.9211269228553322 0.9158878504672897 0.9187071498530852
0.9190254807472229 0.36419392523364486 0.39275220372184133 0.3597157320872274 0.3900443625050412
0.9182685017585754 0.8748052959501558 0.9556951086017169 0.8662383177570093 0.9526991991703635
0.9182642102241516 0.9466510903426791 0.8360891859192257 0.9411020249221184 0.8322866854871234
0.9176769256591797 0.22819314641744548 0.46937834879299417 0.22449376947040497 0.466843348504926
0.9171916246414185 0.888142523364486 0.7755372472201417 0.8786020249221184 0.7673561099268307
0.9166611433029175 0.6558605919003115 0.5049259664688598 0.6464174454828661 0.5013539206084001
0.9161219596862793 0.8940809968847352 0.4651725528605174 0.8893107476635514 0.46315607535864495
0.9159994125366211 0.5950155763239875 0.3452209483205623 0.5898559190031153 0.3428011753183154
0.9155302047729492 0.9529789719626168 0.72057383188339 0.9500584112149533 0.7177507633807686
0.915245771408081 0.4200739875389408 0.7957596358817768 0.4094626168224299 0.7902863398052659
0.9146263599395752 0.833820093457944 0.9571354496744829 0.828952492211838 0.953102494670738
0.9136084914207458 0.8656542056074766 0.450941983061589 0.8616627725856698 0.4481189145589676
0.9134520888328552 0.9011876947040498 0.6433715503831308 0.8912577881619937 0.6383015498069943
0.9128575921058655 0.277161214953271 0.7116437172322406 0.27287772585669784 0.709166330587083
0.912328839302063 0.7240070093457944 0.9098922624877571 0.7207943925233645 0.9060897620556547
0.9113911986351013 0.8030568535825545 0.9676787463271302 0.798481308411215 0.9645676096099557
0.9096071124076843 0.913648753894081 0.9210693092124215 0.9084890965732088 0.9183614679956214
0.9077627062797546 0.869256230529595 0.5041193754681108 0.8654595015576324 0.5007777841792936
0.9068722128868103 0.8226246105919003 0.37546811084864895 0.8167834890965732 0.37281788327475945
0.9067158699035645 0.9971767912772586 0.4739874402258455 0.9925038940809969 0.4716252808665092
0.9066213369369507 0.6284073208722741 0.7691997464999712 0.6245132398753894 0.7663766779973498
0.9062861204147339 0.19694314641744548 0.42253845710664284 0.18234034267912771 0.4170075473872213
0.9062173962593079 0.8813278816199377 0.8057267961053177 0.8772390965732088 0.8033646367459815
0.9058313369750977 0.32330607476635514 0.06775364406291409 0.31600467289719625 0.06464250734573947
0.905704140663147 0.5104166666666666 0.2837471913349081 0.5071066978193146 0.2819035547617676
0.9055442810058594 0.9397390965732088 0.9556951086017169 0.9354556074766355 0.9537362447427551
0.9053736925125122 0.9453855140186916 0.4152791380999021 0.9385708722741433 0.4089416373797315
0.9049987196922302 0.9981503115264797 0.7413147433312208 0.9896806853582555 0.7383188338998675
0.9046434760093689 0.9655373831775701 0.6847957596358818 0.9604750778816199 0.6816270092757966
0.904049277305603 0.9760514018691588 0.7481707668375871 0.9730334890965732 0.7449444028345912
0.903907060623169 0.963006230529595 0.8364348677766895 0.9592095015576324 0.8336694129169787
0.9024571180343628 0.1208138629283489 0.06994296249351846 0.1165303738317757 0.06775364406291409
0.9022071361541748 0.9429517133956387 0.7938583856657256 0.9377920560747663 0.7914962263063894
0.9021657705307007 0.6582943925233645 0.5095926715446217 0.6539135514018691 0.5071728985423748
0.902109682559967 0.8478387850467289 0.9578844270323212 0.8436526479750779 0.9550037448867892
0.9003784656524658 0.5674649532710281 0.2836895776919975 0.5631814641744548 0.28017514547444833
0.8984220623970032 0.9003115264797508 0.8401797545658812 0.8956386292834891 0.8363772541337788
0.8978093266487122 0.9533683800623053 0.9098346488448464 0.9504478193146417 0.9063202166272973
0.8960328698158264 0.7481503115264797 0.39782220429797777 0.7438668224299065 0.394250158437518
0.8945404887199402 0.9886098130841121 0.427493230396958 0.985202492211838 0.4240940254652302
0.8923878073692322 0.997566199376947 0.8991761249063779 0.9905568535825545 0.8931266924007605
0.8909168839454651 0.9928933021806854 0.9160569222791957 0.9894859813084113 0.9134643083482169
0.8905699849128723 0.9737149532710281 0.5152964221927753 0.9704049844236761 0.5124733536901538
0.8903037905693054 0.3941783489096573 0.7806648614391888 0.38999221183800625 0.7768047473641758
0.8879556059837341 0.21806853582554517 0.27625741775652474 0.20521806853582555 0.2711298035374777
0.8871353268623352 0.2802764797507788 0.4083655009506251 0.2758956386292835 0.4061185688771101
0.8868234753608704 0.8234034267912772 0.36394538226652073 0.8162967289719626 0.3614103819784525
0.8864667415618896 0.11010514018691589 0.880682145532062 0.10621105919003115 0.8788961226018321
0.8863055109977722 0.8466705607476636 0.4598720977127384 0.8431658878504673 0.4575675519963127
0.8861347436904907 0.8736370716510904 0.7590597453476984 0.8613707165109035 0.7509362216972979
0.8860204815864563 0.282904984423676 0.6291409805842023 0.2739485981308411 0.6222273434349254
0.8857545852661133 0.6038746105919003 0.910065103416489 0.6015381619937694 0.9066082848418505
0.8856866955757141 0.1080607476635514 0.9022296479806419 0.10036993769470405 0.8994641931209311
0.8845046162605286 0.44460669781931467 0.5103992625453707 0.44032320872274144 0.5072881258281962
0.8842748403549194 0.6396028037383178 0.3494843578959498 0.6295755451713395 0.34487526646309846
0.8836168646812439 0.8546534267912772 0.3638301549806994 0.8513434579439252 0.3611223137638993
0.8830640912055969 0.9649532710280374 0.6310422308002535 0.9600856697819314 0.6268940485106873
0.8827469944953918 0.29624221183800625 0.9020568070519099 0.29273753894080995 0.8994641931209311
0.8809478282928467 0.8255451713395638 0.5831652935415106 0.8214563862928349 0.581667338825834
0.8802623748779297 0.35611370716510904 0.9097770352019359 0.35309579439252337 0.9066658984847612
0.8797852396965027 0.6084501557632399 0.8352249812755661 0.6034852024922118 0.8313072535576425
0.8796982169151306 0.9316588785046729 0.3547271994008181 0.926791277258567 0.3517312899694648
0.8792060017585754 0.2885514018691589 0.4171803883159532 0.28261292834890966 0.4149334562424382
0.8790529370307922 0.7009345794392523 0.9774154519790287 0.6970404984423676 0.9743619289047647
0.8790346384048462 0.9760514018691588 0.8053811142478539 0.9730334890965732 0.8020395229590367
0.8778369426727295 0.6242211838006231 0.9096041942732039 0.6210085669781932 0.9062049893414761
0.8767208456993103 0.9967873831775701 0.5098231261162643 0.9921144859813084 0.5075761940427493
0.8745483160018921 0.36468068535825543 0.9146741948493403 0.3607866043613707 0.9127729446332892
0.8743326663970947 0.4105334890965732 0.24157400472431872 0.40751557632398755 0.23949991357953562
0.873053789138794 0.7194314641744548 0.9097770352019359 0.7164135514018691 0.9064930575560293
0.8706260323524475 0.5451713395638629 0.8356858904188512 0.5294003115264797 0.8318833899867488
0.8703905344009399 0.10952102803738317 0.8315953217721956 0.10630841121495327 0.8300397534136084
0.8696446418762207 0.8254478193146417 0.6347871175894452 0.8210669781931464 0.632252117301377
0.8693791627883911 0.4586253894080997 0.1860920666013712 0.4494742990654206 0.18027308866739644
0.8683364987373352 0.8566978193146417 0.7761133836492481 0.851148753894081 0.773405542432448
0.8676812052726746 0.20424454828660435 0.7668375871406349 0.1975272585669782 0.7637264504234603
0.8653304576873779 0.5030179127725857 0.2772944633289163 0.49863707165109034 0.27498991761249064
0.864355206489563 0.7424065420560748 0.6545485971077951 0.7371495327102804 0.6513798467477099
0.8620040416717529 0.11312305295950156 0.08567148700812352 0.10835280373831775 0.0825603502909489
0.8611754179000854 0.5319314641744548 0.910065103416489 0.5284267912772586 0.9066082848418505
0.8595719933509827 0.1329828660436137 0.21190297862533847 0.1286020249221184 0.20919513740853835
0.8594099879264832 0.5059384735202492 0.28657025983752954 0.5019470404984424 0.2846113959785677
0.8572297096252441 0.10299844236760125 0.12772944633289163 0.0985202492211838 0.12513683240191278
0.8565557599067688 0.28095794392523366 0.5743504061761825 0.27443535825545173 0.5723915423172207
0.8526592254638672 0.6404789719626168 0.36573140519675057 0.6330802180685359 0.36135276833554186
0.8523797392845154 0.5367017133956387 0.9097194215590252 0.5328076323987538 0.9063202166272973
0.8520258069038391 0.8562110591900312 0.4962839200322636 0.8524143302180686 0.49392176067292737
0.8515485525131226 0.15167445482866043 0.16356513222331048 0.14690420560747663 0.1605116091490465
0.8500652313232422 0.5552959501557633 0.24900616465979145 0.5509151090342679 0.24601025522843809
0.8497092723846436 0.2818341121495327 0.6463674598144841 0.273851246105919 0.6426225730252924
0.8485848903656006 0.3444314641744548 0.9094889669873826 0.3407320872274143 0.9060897620556547
0.8478091955184937 0.9970794392523364 0.46079391599930863 0.993380062305296 0.4584317566399723
0.847327470779419 0.5887850467289719 0.9021720343377312 0.5816783489096573 0.8978510111194331
0.8451969623565674 0.9967873831775701 0.5002016477501873 0.9930880062305296 0.4969176701042807
0.8450619578361511 0.8671144859813084 0.9393904476580054 0.8637071651090342 0.9370282882986691
0.8447175621986389 0.3582554517133956 0.8356282767759405 0.35046728971962615 0.8314800944863744
0.8438225388526917 0.5687305295950156 0.2624877571008815 0.5652258566978193 0.26122025695684736
0.8434717059135437 0.9533683800623053 0.6930345105721035 0.9501557632398754 0.6903266693553033
0.8418486714363098 0.8869742990654206 0.553090971942156 0.8827881619937694 0.5502102897966238
0.841693103313446 0.8998247663551402 0.5293541510629717 0.8924260124610592 0.5248026732730311
0.8412153720855713 0.10883956386292835 0.9001555568358587 0.09920171339563863 0.8897851011119433
0.8410618305206299 0.2230334890965732 0.47070346257993895 0.21884735202492211 0.4675923258627643
0.8397681713104248 0.775506230529595 0.8332661174166043 0.7715147975077882 0.8316529354151063
0.8393934965133667 0.28095794392523366 0.29411764705882354 0.2724883177570093 0.28841389641067006
0.8368582129478455 0.3612733644859813 0.38618424843002824 0.3518302180685358 0.38088379328224925
0.8367732763290405 0.14855919003115264 0.09967160223540934 0.141452492211838 0.0963876245895028
0.8354531526565552 0.2823208722741433 0.8241055481938123 0.2773559190031153 0.8207639569049952
0.8344681859016418 0.9553154205607477 0.804401682318373 0.9521028037383178 0.8022123638877686
0.8340303301811218 0.3486176012461059 0.9101227170593996 0.34511292834890966 0.9070115803422251
0.8327673673629761 0.9003115264797508 0.9579420406752319 0.8946651090342679 0.9533905628852912
0.8325810432434082 0.8784073208722741 0.9936624992798294 0.8738317757009346 0.9912427262775826
0.8320068717002869 0.9454828660436138 0.4254191392521749 0.9400311526479751 0.4231722071786599
0.8310543894767761 0.9983450155763239 0.7682203145704903 0.9911409657320872 0.7633231549230858
0.8291903138160706 0.9464563862928349 0.37500720170536384 0.9387655763239875 0.37149276948781473
0.8291698098182678 0.9964953271028038 0.5846632482571873 0.9931853582554517 0.5828196116840468
0.8282380700111389 0.2932242990654206 0.4104972057383188 0.2892328660436137 0.40842311459353575
0.8276795148849487 0.8469626168224299 0.8123523650400415 0.8435552959501558 0.8099325920377946
0.8261522650718689 0.8467679127725857 0.8185746384743907 0.8432632398753894 0.8160972518292332
0.8261313438415527 0.9412967289719626 0.553724722014173 0.9320482866043613 0.5432390390044363
0.825527548789978 0.9979556074766355 0.6125482514259376 0.9931853582554517 0.6097251829233162
0.8253548741340637 0.8087032710280374 0.8333813447024255 0.8047118380062306 0.8317681627009276
0.8228599429130554 0.8241822429906542 0.5624243820936797 0.8159073208722741 0.5581033588753816
0.8211138844490051 0.12938084112149534 0.20654490983464885 0.1239291277258567 0.20470127326150833
0.8197401762008667 0.2804711838006231 0.44840698277352076 0.2757009345794392 0.44581436884254194
0.8170167207717896 0.3622468847352025 0.9064930575560293 0.3565031152647975 0.902690557123927
0.8163219690322876 0.9458722741433022 0.9207236273549576 0.9404205607476636 0.9185343089243533
0.8157789707183838 0.6487538940809969 0.9212421501411534 0.6444704049844237 0.9189952180676384
0.813473105430603 0.8260319314641744 0.5220372184133203 0.821553738317757 0.519675059053984
0.8130996227264404 0.9977609034267912 0.6282767759405428 0.9932827102803738 0.6251080255804574
0.8130781650543213 0.8632204049844237 0.8127556605404159 0.8592289719626168 0.8101630466094372
0.8111818432807922 0.8605919003115264 0.8208791841908164 0.856892523364486 0.8187474794031226
0.8065093755722046 0.47965342679127726 0.7750763380768566 0.4752725856697819 0.7721956559313246
0.8060017228126526 0.85523753894081 0.9815060206256842 0.8509540498442367 0.9780492020510457
0.8046936392784119 0.25778816199376947 0.8227804344068675 0.2472741433021807 0.8179408884023737
0.8006122708320618 0.8006230529595015 0.9798928386241862 0.7957554517133957 0.9771849974073861
0.8003377914428711 0.43623442367601245 0.3340439015958979 0.42834890965732086 0.32834015094774444
0.7993698716163635 0.24299065420560748 0.8212824796911908 0.2336448598130841 0.8174799792590886
0.7988166809082031 0.8324571651090342 0.47784755430085846 0.827297507788162 0.47502448579823703
0.7987863421440125 0.9731308411214953 0.6857751915653627 0.9688473520249221 0.6815117819899752
0.7987386584281921 0.6735786604361371 0.8352249812755661 0.661993769470405 0.8315953217721956
0.7983246445655823 0.9614485981308412 0.6931497378579248 0.9587227414330218 0.6901538284265714
0.7981951236724854 0.8456970404984424 0.4527856196347295 0.8423870716510904 0.45030823298957195
0.7978690266609192 0.3374221183800623 0.42178947974880454 0.3284657320872274 0.4148182289566169
0.7976920008659363 0.5084696261682243 0.6841620095638647 0.5053543613707165 0.6822607593478136
0.7969866991043091 0.9526869158878505 0.36342685948032494 0.9494742990654206 0.36129515469263124
0.7957355976104736 0.8465732087227414 0.9795471567667223 0.8432632398753894 0.9764360200495478
0.7955520749092102 0.382398753894081 0.19121968082041826 0.3771417445482866 0.18920320331854584
0.7933564186096191 0.9734228971962616 0.5734862015325229 0.9698208722741433 0.5697413147433312
0.7928056120872498 0.7528232087227414 0.33986287952987265 0.7483450155763239 0.3370974246701619
0.7908505797386169 0.2805685358255452 0.6786887134873538 0.2750194704049844 0.6683182577634383
0.7905678749084473 0.45142133956386293 0.5054444892550556 0.439933800623053 0.5011234660367575
0.7888281345367432 0.10669781931464174 0.6307541625857003 0.10163551401869159 0.6268940485106873
0.7874943017959595 0.9488901869158879 0.5974534769833496 0.9448014018691588 0.5942847266232644
0.7872403264045715 0.8267133956386293 0.406291409805842 0.8233060747663551 0.4034683413032206
0.7862337231636047 0.5429322429906542 0.22066025234775594 0.5384540498442367 0.21795241113095581
0.7860665917396545 0.9767328660436138 0.9207812409978683 0.9716705607476636 0.9189952180676384
0.7839325070381165 0.588882398753894 0.24047934550901653 0.5854750778816199 0.23857809529296536
0.7830729484558105 0.9608644859813084 0.45727948378175953 0.9568730529595015 0.4550325517082445
0.7815815210342407 0.32019080996884736 0.46090914328512994 0.3115264797507788 0.45733709742467016
0.7813106179237366 0.7852414330218068 0.9793743158379904 0.7810552959501558 0.9771849974073861
0.7807142734527588 0.11623831775700935 0.9187071498530852 0.1096183800623053 0.9149046494209829
0.7801984548568726 0.9592095015576324 0.48355130494901194 0.9496690031152648 0.4789422135161606
0.7801143527030945 0.9734228971962616 0.4673618712911217 0.9701129283489096 0.464596416431411
0.7800469994544983 0.5943341121495327 0.36613470069712506 0.5901479750778816 0.3637725413377888
0.7798169851303101 0.9961059190031153 0.5989514316990263 0.9926985981308412 0.5964164314109581
0.7783533334732056 0.9733255451713395 0.39488390850953503 0.9699182242990654 0.39154231722071786
0.777519702911377 0.41063084112149534 0.21783718384513454 0.4071261682242991 0.21593593362908337
0.7746832370758057 0.9738123052959502 0.5972230224117071 0.969626168224299 0.5943999539090856
0.773722767829895 0.4481113707165109 0.14535922106354784 0.44411993769470404 0.1431699026329435
0.7723365426063538 0.3083138629283489 0.4527856196347295 0.30578271028037385 0.4513452785619635
0.7718958854675293 0.960572429906542 0.9577691997465 0.9567757009345794 0.9556374949588062
0.7717851400375366 0.11682242990654206 0.1404044477732327 0.11341510903426791 0.138272742985539
0.7711661458015442 0.6489485981308412 0.18666820303047763 0.6365848909657321 0.17704672466440052
0.770871639251709 0.9555101246105919 0.776459065506712 0.9524922118380063 0.7738088379328225
0.7708182334899902 0.4014797507788162 0.234141844788846 0.3968068535825545 0.23177968542950972
0.7688052654266357 0.10776869158878505 0.9150774903497149 0.1001752336448598 0.9067235121276719
0.7674903273582458 0.6911020249221184 0.9666993143976493 0.6795171339563862 0.9605922682491214
0.7668507099151611 0.8328465732087228 0.9452670392348909 0.8299260124610592 0.9432505617330184
0.7667874097824097 0.4570677570093458 0.11447830846344415 0.4527842679127726 0.11130955810335888
0.7650272250175476 0.9543419003115264 0.46753471221985365 0.9507398753894081 0.4641355072881258
0.7648534178733826 0.5896612149532711 0.24353286858328052 0.5862538940809969 0.2414011637955868
0.7648053169250488 0.4338006230529595 0.0690211442069482 0.42834890965732086 0.06251080255804574
0.7639344334602356 0.49084890965732086 0.14616581206429682 0.48744158878504673 0.14224808434637323
0.7616618871688843 0.2763823987538941 0.6966065564325632 0.27297507788161995 0.6930345105721035
0.7611116766929626 0.8417056074766355 0.3684968600564614 0.8351830218068536 0.3668836780549634
0.7607751488685608 0.7445482866043613 0.9747076107622284 0.7410436137071651 0.9719997695454283
0.7602274417877197 0.9526869158878505 0.7125079218759002 0.9494742990654206 0.7106642853027597
0.7565720677375793 0.9415887850467289 0.7427550844039869 0.9371105919003115 0.7405081523304718
0.7545139789581299 0.9471378504672897 0.8542374834360776 0.9384735202492211 0.8453073687849283
0.7541829943656921 0.9927959501557633 0.717347467880394 0.9884151090342679 0.7148700812352365
0.7539322376251221 0.2765771028037383 0.692458374142997 0.27287772585669784 0.688943941925448
0.7526337504386902 0.5470210280373832 0.22647923028173073 0.5437110591900312 0.22463559370859018
0.7523889541625977 0.9980529595015576 0.7876361122313764 0.9906542056074766 0.7839488390850954
0.7521986365318298 0.19830607476635514 0.42628334389583455 0.19470404984423675 0.4235755026790344
0.7519862651824951 0.29458722741433024 0.9665840871118281 0.29117990654205606 0.9642795413954024
0.7487599849700928 0.7174844236760125 0.9719997695454283 0.7112538940809969 0.968197269113326
0.7482696175575256 0.5343652647975078 0.2872040099095466 0.5297897196261683 0.2846113959785677
0.7482436895370483 0.9014797507788161 0.9671602235409344 0.898072429906542 0.9643371550383131
0.7465278506278992 0.35046728971962615 0.8359739586334044 0.33537772585669784 0.8314800944863744
0.7463818788528442 0.6083528037383178 0.9096041942732039 0.6050428348909658 0.9063202166272973
0.7461870908737183 0.7472741433021807 0.33680935645560867 0.743380062305296 0.33329492423805956
0.7447826862335205 0.7017133956386293 0.9597280636054618 0.6954828660436138 0.9566169268882871
0.7411016225814819 0.9330218068535826 0.9017687388373566 0.9297118380062306 0.898023852048165
0.7408729195594788 0.4672897196261682 0.10145762516563922 0.463006230529595 0.09604194273203895
0.7391085028648376 0.29312694704049846 0.39557527222446276 0.2887461059190031 0.3940773175087861
0.7381702065467834 0.5058411214953271 0.2568992337385493 0.5012655763239875 0.254537074379213
0.7379303574562073 0.9069314641744548 0.9676787463271302 0.9012850467289719 0.9646828368957769
0.7377251982688904 0.7438668224299065 0.4331393674022008 0.7394859813084113 0.4311228899003284
0.7374756932258606 0.2806658878504673 0.6993143976493633 0.27453271028037385 0.6970674655758483
0.7362803816795349 0.3582554517133956 0.8662211211614911 0.35212227414330216 0.8627643025868525
0.7358172535896301 0.257398753894081 0.9771273837644754 0.2536993769470405 0.9753989744771562
0.7344205975532532 0.7482476635514018 0.5745808607478251 0.7437694704049844 0.5723339286743101
0.7337621450424194 0.6288940809968847 0.8353978222042979 0.6228582554517134 0.8318833899867488
0.7320892214775085 0.5294003115264797 0.2398455954369995 0.5256035825545171 0.23777150429221638
0.7320101857185364 0.31279205607476634 0.9099498761306677 0.30967679127725856 0.9064354439131186
0.731354832649231 0.7576908099688473 0.8343031629889958 0.7543808411214953 0.8322290718442127
0.7307917475700378 0.41968457943925236 0.7865414530160743 0.4118964174454829 0.781586679725759
0.7287788987159729 0.6885708722741433 0.20694820533502334 0.680880062305296 0.19842138618424843
0.7280118465423584 0.8382009345794392 0.9092008987728294 0.8352803738317757 0.9066082848418505
0.7278956770896912 0.7613901869158879 0.3491386760384859 0.7487344236760125 0.3414760615313706
0.7247012257575989 0.2675233644859813 0.29204355591404046 0.26236370716510904 0.2895085556259722
0.7244136333465576 0.1096183800623053 0.8095869101803307 0.1059190031152648 0.8075128190355476
0.721149206161499 0.8228193146417445 0.4065218643774846 0.8187305295950156 0.4036987958748632
0.7210286855697632 0.8283683800623053 0.5469263121507173 0.8250584112149533 0.5450250619346662
0.7181676030158997 0.713006230529595 0.9927982946361699 0.7077492211838006 0.9898023852048164
0.7174911499023438 0.4269859813084112 0.862706688943942 0.4223130841121495 0.8595379385838566
0.7168888449668884 0.30734034267912774 0.11234660367575042 0.30169392523364486 0.1088321714582013
0.7139578461647034 0.2819314641744548 0.8288874805553955 0.27764797507788164 0.8257187301953103
0.7080446481704712 0.9614485981308412 0.5970501814829752 0.9583333333333334 0.5941694993374431
0.7073880434036255 0.9957165109034268 0.86881373509247 0.9910436137071651 0.8665668030189548
0.706443727016449 0.4766355140186916 0.06850262142075243 0.4710864485981308 0.06567955291813102
0.7057713270187378 0.7976051401869159 0.9582301088897851 0.7920560747663551 0.9538514720285763
0.7049261331558228 0.1663746105919003 0.6438324595264159 0.15751557632398755 0.639626663593939
0.703917384147644 0.43555295950155765 0.8711758944518062 0.4326323987538941 0.8682952123062742
0.7032446265220642 0.5559774143302181 0.09189376044247277 0.5451713395638629 0.08791841908163853
0.7023643255233765 0.9642718068535826 0.9207812409978683 0.9586253894080997 0.9189952180676384
0.7011266350746155 0.7259540498442367 0.8335541856311575 0.7212811526479751 0.8318833899867488
0.7009318470954895 0.9121884735202492 0.9448061300916057 0.9060552959501558 0.9431929480901078
0.7005319595336914 0.2758956386292835 0.8756121449559255 0.27034657320872274 0.8710030535230743
0.6984940767288208 0.9755646417445483 0.7768047473641758 0.972936137071651 0.7738664515757331
0.6981418132781982 0.580607476635514 0.2863974189087976 0.575642523364486 0.28386241862072936
0.6975260972976685 0.7398753894080997 0.4420694820533502 0.7357866043613707 0.43953448176528204
0.6973569989204407 0.938376168224299 0.9097770352019359 0.9353582554517134 0.9069539666993144
0.697143018245697 0.8261292834890965 0.781586679725759 0.8218457943925234 0.7791092930806015
0.6953328251838684 0.37704439252336447 0.5581609725182923 0.3734423676012461 0.5540704038716368
0.6933084726333618 0.9462616822429907 0.3998386817998502 0.9389602803738317 0.39517197672408827
0.6918084621429443 0.8279789719626168 0.6480958691018033 0.8246690031152648 0.6458489370282883
0.6902590394020081 0.9734228971962616 0.3554185631157458 0.9684579439252337 0.35196174454110735
0.6900245547294617 0.2819314641744548 0.8135046378982543 0.27784267912772587 0.8107967966814542
0.690005362033844 0.5244353582554517 0.9097194215590252 0.521320093457944 0.9066082848418505
0.6899924874305725 0.48812305295950154 0.3925217491501988 0.4839369158878505 0.39015958979086246
0.6898398399353027 0.953952492211838 0.4907530103128421 0.9505451713395638 0.48804516909604195
0.6892625689506531 0.5152842679127726 0.2446275277985827 0.5102219626168224 0.24226536843924643
0.689211368560791 0.9620327102803738 0.7206314455263007 0.9584306853582555 0.7172322405945728
0.6881029605865479 0.5681464174454829 0.8448464596416432 0.5577297507788161 0.8362044132050469
0.6878185272216797 0.3087032710280374 0.455435847208619 0.3061721183800623 0.45336175606383594
0.6864950060844421 0.17708333333333334 0.25350002880682143 0.16861370716510904 0.2499279829463617
0.6862382888793945 0.503309968847352 0.2667511666762689 0.498345015576324 0.2647346891743965
0.6861940622329712 0.5836253894080997 0.07933398628795299 0.5798286604361371 0.07702944057152734
0.6856442093849182 0.8261292834890965 0.5513049490119261 0.8218457943925234 0.5490004032955004
0.683898389339447 0.15478971962616822 0.23667684507691422 0.1478777258566978 0.23224059457279483
0.6820464730262756 0.9486954828660437 0.7719652013596819 0.9443146417445483 0.7688540646425074
0.6810126900672913 0.3284657320872274 0.29918764763496 0.3219431464174455 0.29457855620210865
0.6802852749824524 0.5768107476635514 0.26565650746096675 0.5726246105919003 0.2636400299590943
0.6798262596130371 0.9484034267912772 0.7158495131647175 0.9448014018691588 0.7133721265195598
0.6795009970664978 0.9976635514018691 0.4206948205335023 0.9920171339563862 0.4152215244569914
0.6771148443222046 0.9981503115264797 0.5652474505963012 0.9915303738317757 0.5616754047358414
0.6770779490470886 0.8236954828660437 0.5117243763323155 0.816686137071651 0.5071152848994642
0.6758788824081421 0.3485202492211838 0.08019819093161261 0.3432632398753894 0.0757043267845826
0.6754493117332458 0.2707359813084112 0.8114881603963818 0.26723130841121495 0.8094140692515988
0.6740368604660034 0.8943730529595015 0.8028461139597857 0.8851246105919003 0.7918995218067638
0.6739301681518555 0.963006230529595 0.42743561675404734 0.9601830218068536 0.42397879817940887
0.6738230586051941 0.8237928348909658 0.5731981333179696 0.8179517133956387 0.5695684738145993
0.6733139157295227 0.10212227414330217 0.12041251368324019 0.09900700934579439 0.1173589906089762
0.6729997396469116 0.9552180685358256 0.74753701676557 0.9519080996884736 0.7450596301204125
0.6713443398475647 0.5039914330218068 0.2645618482456646 0.4990264797507788 0.2623149161721496
0.6713340282440186 0.9513239875389408 0.9207812409978683 0.9455802180685359 0.9186495362101745
0.6711138486862183 0.10942367601246106 0.06268364348677767 0.10582165109034268 0.060494325056173304
0.6683864593505859 0.47011292834890966 0.145820130206833 0.46534267912772587 0.14386126634787116
0.6659887433052063 0.10621105919003115 0.6263179120815809 0.10202492211838006 0.6230339344356743
0.6650503873825073 0.441588785046729 0.1511781989975226 0.4375 0.1473756985654203
0.6643918752670288 0.713006230529595 0.8366653223483321 0.6994742990654206 0.8310767989859998
0.6637945175170898 0.10630841121495327 0.44702425534366536 0.101148753894081 0.4428760730540992
0.6627103090286255 0.5990070093457944 0.06527625741775653 0.5849883177570093 0.05905398398340727
0.6610729098320007 0.11604361370716511 0.0684450077778418 0.11195482866043614 0.06648614391888
0.6602714657783508 0.8581580996884736 0.4518061877052486 0.8534852024922118 0.44800368727314627
0.6582559943199158 0.9619353582554517 0.5729676787463271 0.9586253894080997 0.5699141556720632
0.6566095352172852 0.2636292834890966 0.8115457740392925 0.25934579439252337 0.8091260010370456
0.6565213203430176 0.7847546728971962 0.39148470357780724 0.7716121495327103 0.38652993028749205
0.6532811522483826 0.9488901869158879 0.39263697643602 0.9449961059190031 0.39062049893414763
0.6530858874320984 0.35455607476635514 0.5715273376735611 0.3507593457943925 0.5697989283862419
0.6522583365440369 0.846183800623053 0.361007086478078 0.8433605919003115 0.35910583626202686
0.6518428921699524 0.9652453271028038 0.6107622284957078 0.953952492211838 0.6047704096330011
0.6514225006103516 0.6732866043613707 0.21219104683989168 0.6633566978193146 0.20568070519098922
0.649207592010498 0.7719042056074766 0.35910583626202686 0.7611954828660437 0.34977242611050297
0.6488831043243408 0.9974688473520249 0.5419715388604022 0.9925038940809969 0.537823356570836
0.6487652063369751 0.28738317757009346 0.13723569741314742 0.2743380062305296 0.13135910583626204
0.6482309699058533 0.6049454828660437 0.27026559889381807 0.6020249221183801 0.26876764417814136
0.6460376977920532 0.6223714953271028 0.7651667914962264 0.6162383177570093 0.7610762228495708
0.645189106464386 0.42659657320872274 0.21535979719997694 0.4222157320872274 0.21270956962608745
0.6421276330947876 0.7363707165109035 0.920838854640779 0.7325739875389408 0.9186495362101745
0.6414371132850647 0.3742211838006231 0.09684853373278793 0.3639992211838006 0.09310364694359624
0.641354501247406 0.35290109034267914 0.9665840871118281 0.3492017133956386 0.9639338595379385
0.6398755311965942 0.8205802180685359 0.3915999308636285 0.816686137071651 0.38923777150429223
0.6388978958129883 0.8150311526479751 0.42322982082157057 0.8113317757009346 0.42167425246298323
0.6362459063529968 0.4480140186915888 0.13723569741314742 0.4429517133956386 0.13441262891052602
0.6362063884735107 0.7407515576323987 0.8345336175606384 0.7373442367601246 0.8320562309154808
0.6348392367362976 0.1143886292834891 0.16465979143861267 0.10952102803738317 0.16183672293599125
0.6340769529342651 0.14437305295950156 0.09114478308463445 0.1333722741433022 0.08394307772080428
0.6322940587997437 0.9698208722741433 0.8364924814196002 0.9665109034267912 0.8334965719882468
0.6322812438011169 0.7851440809968847 0.9672178371838451 0.7796923676012462 0.9648556778245089
0.6302763819694519 0.4109228971962617 0.966123177968543 0.40819704049844235 0.963876245895028
0.6299240589141846 0.6210085669781932 0.35559140404447775 0.6139018691588785 0.35334447197096275
0.6299026608467102 0.9392523364485982 0.7206314455263007 0.9364291277258567 0.718326899809875
0.6274080872535706 0.3495911214953271 0.938814311228899 0.34579439252336447 0.9347237425822434
0.6264389753341675 0.9376947040498442 0.9000979431929481 0.9345794392523364 0.8969291928328629
0.6260119080543518 0.9428543613707165 0.9097194215590252 0.9395443925233645 0.906377830270208
0.6255083084106445 0.6634540498442367 0.6941867834303163 0.6563473520249221 0.6913637149276949
0.6255053877830505 0.8202881619937694 0.3541510629717117 0.8167834890965732 0.3516160626836435
0.6251742243766785 0.28125 0.9095465806302933 0.2772585669781931 0.9072420349138676
0.6251508593559265 0.38999221183800625 0.7136025810912024 0.3860981308411215 0.7111251944460448
0.6247478723526001 0.9517133956386293 0.7375122428991185 0.9487928348909658 0.735668606325978
0.6225373148918152 0.3942757009345794 0.1818862706688944 0.3903816199376947 0.17831422480843465
0.6224915981292725 0.8685747663551402 0.8294060033415913 0.865070093457944 0.8273895258397188
0.6222419738769531 0.28806464174454827 0.3917727717923604 0.2838785046728972 0.3896410670046667
0.6219573616981506 0.20570482866043613 0.4437978913406695 0.1971378504672897 0.4405139136947629
0.6219462156295776 0.5121690031152648 0.145820130206833 0.5085669781931464 0.14397649363369247
0.6199150681495667 0.5559774143302181 0.8336694129169787 0.5518886292834891 0.8318257763438383
0.6182410717010498 0.10621105919003115 0.5023333525378809 0.10036993769470405 0.4989917612490638
0.6180526614189148 0.9735202492211839 0.8290603214841274 0.9691394080996885 0.8237598663363485
0.6177670359611511 0.7898169781931464 0.9452670392348909 0.7866043613707165 0.9430201071613759
0.6165656447410583 0.4379867601246106 0.861093506942444 0.43409267912772587 0.8590770294405715
0.6148731708526611 0.4056658878504673 0.2809241228322867 0.3997274143302181 0.27723684968600565
0.6140833497047424 0.5725272585669782 0.062107507057671256 0.5661993769470405 0.05479057440801982
0.613193929195404 0.8589369158878505 0.8167310019012503 0.8560163551401869 0.8147721380422884
0.6130335927009583 0.9450934579439252 0.8282537304833785 0.9407126168224299 0.8264100939102379
0.6118079423904419 0.8263239875389408 0.7615947456357666 0.8222352024922118 0.7593478135622516
0.6115925908088684 0.5331970404984424 0.14576251656392233 0.5297897196261683 0.1436308117762286
0.6109796762466431 0.27667445482866043 0.6421040502390967 0.2731697819314642 0.638992913521922
0.6090925335884094 0.9593068535825545 0.7690269055712393 0.9534657320872274 0.7649939505674944
0.6089867353439331 0.7944898753894081 0.35547617675865645 0.78125 0.34568185746384744
0.6081516742706299 0.9594042056074766 0.6393385953793859 0.9568730529595015 0.6364579132338538
0.6060848236083984 0.31697819314641745 0.9098922624877571 0.3135708722741433 0.9067235121276719
0.6048012375831604 0.16481697819314642 0.4885636918822377 0.1567367601246106 0.47888459987325
0.6046813726425171 0.2756035825545171 0.8787232816731002 0.2702492211838006 0.8762458950279426
0.6038615107536316 0.12879672897196262 0.1643141095811488 0.1234423676012461 0.16189433657890187
0.6031574010848999 0.53125 0.09160569222791957 0.5258956386292835 0.08918591922567264
0.602301836013794 0.8161020249221184 0.8307311171285361 0.8121105919003115 0.8279656622688253
0.6018953919410706 0.8800623052959502 0.9811027251253097 0.8722741433021807 0.976551247335369
0.600536048412323 0.36253894080996885 0.9021144206948205 0.35669781931464173 0.898830443048914
0.5992407202720642 0.7852414330218068 0.9560984041020913 0.7813473520249221 0.9535057901711125
0.59847491979599 0.10630841121495327 0.6219392752203722 0.101148753894081 0.6193466612893933
0.5981372594833374 0.3151285046728972 0.035201935818401794 0.31123442367601245 0.03232125367286973
0.5957570672035217 0.1165303738317757 0.14461024370570952 0.1128309968847352 0.1423633116321945
0.5944105982780457 0.5535436137071651 0.23448752664630984 0.5486760124610592 0.23201014000115228
0.5937361121177673 0.9924065420560748 0.8018090683873942 0.9889018691588785 0.7988131589560408
0.5908159613609314 0.8271028037383178 0.9212421501411534 0.8229166666666666 0.9187071498530852
0.5900056958198547 0.858547507788162 0.8318257763438383 0.8550428348909658 0.8298092988419657
0.5886964797973633 0.5040887850467289 0.29094889669873825 0.5002920560747663 0.28835628276775943
0.5858039855957031 0.2820288161993769 0.5793627931094083 0.27842679127725856 0.5775191565362678
0.5843426585197449 0.9248442367601246 0.8430028230685026 0.9196845794392523 0.8406982773520769
0.5826209783554077 0.5293029595015576 0.0568646655528029 0.5239485981308412 0.05064239211845365
0.5824002027511597 0.5505257009345794 0.22976320792763727 0.5455607476635514 0.226594457567552
0.5812382698059082 0.12139797507788162 0.1767586564498473 0.11691978193146417 0.17416604251886847
0.5778455138206482 0.9528816199376947 0.7948954312381172 0.9488901869158879 0.7931094083078873
0.5768066644668579 0.27667445482866043 0.6334043901595898 0.2727803738317757 0.6298899579420407
0.5766605138778687 0.743380062305296 0.48844846459641644 0.740070093457944 0.48608630523708013
0.576267421245575 0.1075739875389408 0.795241113095581 0.10153816199376947 0.7882122486604828
0.5758318305015564 0.7990654205607477 0.9909546580630293 0.7929322429906542 0.988765339632425
0.5757905840873718 0.8586448598130841 0.8145992971135565 0.8553348909657321 0.8127556605404159
0.574072003364563 0.6517718068535826 0.1417871752030881 0.6472936137071651 0.1387336521288241
0.5732946395874023 0.9492795950155763 0.7210923546695858 0.944898753894081 0.7175779224520367
0.571017324924469 0.5105140186915887 0.28605173705133374 0.5070093457943925 0.28386241862072936
0.5704112648963928 0.82398753894081 0.49432505617330186 0.8151285046728972 0.4893702828829867
0.5695151090621948 0.4056658878504673 0.7965662268825258 0.40186915887850466 0.7941464538802788
0.569307804107666 0.9977609034267912 0.5616177910929308 0.9919197819314641 0.5587947225903094
0.5678843259811401 0.10582165109034268 0.4351558449040733 0.10153816199376947 0.4335426629025753
0.5665982961654663 0.35874221183800625 0.8752664630984617 0.35241433021806856 0.8716368035950913
0.5663621425628662 0.7974104361370716 0.46090914328512994 0.7881619937694704 0.4579708474966872
0.5657938718795776 0.2823208722741433 0.8183441839027482 0.2770638629283489 0.8150025926139309
0.5656768679618835 0.9022585669781932 0.9692919283286282 0.8973909657320872 0.9673330644696664
0.5644083619117737 0.9928933021806854 0.8809702137466152 0.9881230529595015 0.878435213458547
0.5643758177757263 0.5488707165109035 0.6658408711182808 0.5451713395638629 0.6602523477559487
0.5640001893043518 0.8258372274143302 0.9249870369303451 0.8217484423676013 0.9223368093564556
0.563283383846283 0.11419392523364486 0.6427378003111137 0.110202492211838 0.6398571181655817
0.5632068514823914 0.4332165109034268 0.20660252347755947 0.42990654205607476 0.20435559140404447
0.5609089136123657 0.276285046728972 0.5014115342513107 0.2727803738317757 0.49812755660540414
0.5606883764266968 0.26732866043613707 0.8109120239672755 0.2644080996884735 0.8094716828945094
0.5599862337112427 0.3886292834890966 0.271245030823299 0.3847352024922118 0.26842196232067755
0.5582108497619629 0.9988317757009346 0.3988592498703693 0.9922118380062306 0.3952295903669989
0.5572798848152161 0.42766744548286606 0.3415336751742813 0.41695872274143303 0.3347928789537362
0.5556561350822449 0.3957359813084112 0.19928559082790806 0.3920366043613707 0.1965777496111079
0.5548938512802124 0.8205802180685359 0.9453246528778014 0.817367601246106 0.9434234026617503
0.5543071031570435 0.7393886292834891 0.9096618079161145 0.7363707165109035 0.9068387394134931
0.5535181760787964 0.8203855140186916 0.8182865702598375 0.8169781931464174 0.8157515699717693
0.5526911616325378 0.9044976635514018 0.3565708359739586 0.9010903426791277 0.35466958575790747
0.5521653890609741 0.38103582554517135 0.7125079218759002 0.3775311526479751 0.7104914443740278
0.5519499182701111 0.10708722741433022 0.5628276775940543 0.101148753894081 0.5581609725182923
0.5508754849433899 0.5252141744548287 0.24704730080082965 0.5203465732087228 0.2453188915135104
0.5507898330688477 0.33859034267912774 0.41418447888459986 0.3292445482866044 0.40439015958979085
0.5503721237182617 0.8401479750778816 0.8172495246874459 0.8334306853582555 0.8115457740392925
0.5481255650520325 0.825642523364486 0.6020049547732903 0.8211643302180686 0.5997580226997753
0.5473788976669312 0.3652647975077882 0.9206084000691364 0.3621495327102804 0.9183038543527107
0.5406052470207214 0.6479750778816199 0.10791035317163104 0.6363901869158879 0.10358932995333295
0.5404762625694275 0.8219431464174455 0.3720689059169211 0.817367601246106 0.3694186783430316
0.537462055683136 0.6600467289719626 0.7392982658293484 0.6475856697819314 0.7342282652532119
0.5345932245254517 0.6746495327102804 0.163161836722936 0.6707554517133957 0.16131820014979548
0.5332440137863159 0.5119742990654206 0.13815751569971768 0.5069119937694704 0.13516160626836435
0.5330435037612915 0.16890576323987538 0.47588869044189663 0.15381619937694704 0.47202857636688367
0.5322374701499939 0.2770638629283489 0.666935530333583 0.2731697819314642 0.663248257187302
0.5313457250595093 0.6205218068535826 0.1417871752030881 0.6151674454828661 0.13867603848591348
0.5312246084213257 0.5287188473520249 0.24347525494036987 0.5243380062305296 0.24117070922394424
0.5311160683631897 0.8235981308411215 0.6078815463501758 0.814933800623053 0.6026387048453073
0.5305536985397339 0.27677180685358255 0.5208849455551074 0.27287772585669784 0.5180042634095754
0.530348002910614 0.11010514018691589 0.0963876245895028 0.10640576323987538 0.09396785158725586
0.5287925601005554 0.1985981308411215 0.06026387048453074 0.185845015576324 0.05352307426398571
0.5261675119400024 0.3719820872274143 0.5523996082272282 0.36789330218068533 0.5498069942962494
0.5254155993461609 0.5538356697819314 0.8394307772080428 0.5462422118380063 0.8349369130610128
0.5246453285217285 0.2756035825545171 0.8121795241113096 0.27122274143302183 0.8091836146799563
0.5239560008049011 0.41705607476635514 0.19605922682491214 0.41306464174454827 0.19346661289393327
0.5235083103179932 0.5119742990654206 0.25822434752549406 0.5078855140186916 0.25632309730944286
0.5230632424354553 0.11351246105919004 0.0648153482744714 0.11029984423676012 0.06256841620095639
0.5226297378540039 0.8235981308411215 0.6550671198939909 0.8181464174454829 0.6501699602465864
0.522492527961731 0.49717679127725856 0.8333813447024255 0.49318535825545173 0.8317105490580169
0.5202656388282776 0.5824571651090342 0.22089070691939852 0.5784657320872274 0.21858616120297286
0.5202276110649109 0.4268886292834891 0.14610819842138617 0.4221183800623053 0.14386126634787116
0.5188364386558533 0.8476440809968847 0.4935760788154635 0.8445288161993769 0.4914443740277698
0.5187966823577881 0.276285046728972 0.5276257417756525 0.2727803738317757 0.524168923201014
0.5186353921890259 0.2565225856697819 0.9718269286166964 0.25340732087227413 0.9702137466151984
0.5174611806869507 0.878309968847352 0.9684277236849687 0.8746105919003115 0.9652589733248833
0.5157902836799622 0.4672897196261682 0.1920838854640779 0.4549260124610592 0.18436365731405197
0.5155037641525269 0.6651090342679128 0.13014921933513857 0.661993769470405 0.12571296883101918
0.515395998954773 0.2770638629283489 0.6386472316644581 0.27297507788161995 0.6358817768047473
0.5152608156204224 0.7371495327102804 0.8337270265598894 0.7334501557632399 0.8317105490580169
0.5146170854568481 0.8599104361370716 0.706919398513568 0.8564057632398754 0.7050181482975169
0.5142309665679932 0.9807242990654206 0.8276199804113614 0.9733255451713395 0.8245664573370974
0.5141220092773438 0.3940809968847352 0.7848130437287549 0.3903816199376947 0.7825661116552399
0.5136139988899231 0.10504283489096573 0.145013539206084 0.10075934579439252 0.1431699026329435
0.5110148787498474 0.9674844236760125 0.6392233680935645 0.9649532710280374 0.635939390447658
0.5107184052467346 0.4184190031152648 0.7984098634556663 0.41452492211838005 0.7966238405254364
0.5105827450752258 0.3685747663551402 0.10474160281154578 0.36468068535825543 0.10249467073803077
0.5105041265487671 0.8279789719626168 0.6498242783891225 0.8250584112149533 0.6480958691018033
0.5103687047958374 0.4920171339563863 0.2934838969868065 0.48763629283489096 0.29060321484127444
0.5093108415603638 0.6221767912772586 0.20429797776113384 0.610981308411215 0.19744195425476752
0.5083744525909424 0.518107476635514 0.27274298553897564 0.5149922118380063 0.27095696260874574
0.5052540302276611 0.6849688473520249 0.6960304200034568 0.6820482866043613 0.6946476925736015
0.5051007866859436 0.643886292834891 0.34539378924929426 0.6398948598130841 0.34331969810451113
0.504899799823761 0.5017523364485982 0.26888287146396267 0.4977609034267913 0.2669816212479115
0.5044833421707153 0.8185358255451713 0.9210693092124215 0.8137655763239875 0.9187647634959959
0.5044546723365784 0.5837227414330218 0.2517140058765916 0.5791471962616822 0.24952468744598721
0.5041576623916626 0.5557827102803738 0.25764821109638764 0.5528621495327103 0.25540127902287263
0.5012097954750061 0.598617601246106 0.23886616350751858 0.5940420560747663 0.23661923143400357
