0.9999867677688599 0.6023316062176166 0.45633593459680416 0.5272020725388601 0.4429580081753995
0.9999725818634033 0.6398963730569949 0.09959123002601264 0.5077720207253886 0.08472686733556299
0.9999701976776123 0.4637305699481865 0.7447045707915273 0.41580310880829013 0.7320698625046451
0.9999575614929199 0.48704663212435234 0.06131549609810479 0.39378238341968913 0.03418803418803419
0.9999446868896484 0.5712435233160622 0.7900408769973988 0.5064766839378239 0.7766629505759941
0.9999442100524902 0.6243523316062176 0.8465254552211074 0.4948186528497409 0.8357487922705314
0.9998441934585571 0.3795336787564767 0.7710888145670755 0.3160621761658031 0.7554812337421033
0.9996933937072754 0.06735751295336788 0.06168710516536603 0.0038860103626943004 0.026012634708286884
0.9995612502098083 0.711139896373057 0.7625418060200669 0.6411917098445595 0.748792270531401
0.9994996786117554 0.9883419689119171 0.7528799702712746 0.9209844559585493 0.717948717948718
0.9994495511054993 0.6308290155440415 0.9230769230769231 0.5116580310880829 0.9104422147900408
0.9992923736572266 0.7189119170984456 0.6618357487922706 0.6619170984455959 0.6477146042363434
0.9953562617301941 0.7124352331606217 0.8223708658491267 0.6463730569948186 0.8108509847640283
0.9942362904548645 0.8847150259067358 0.8732813080639168 0.8380829015544041 0.8625046451133408
0.9830479621887207 0.832901554404145 0.8257153474544779 0.7862694300518135 0.8138238573021181
0.9568267464637756 0.8873056994818653 0.6295057599405426 0.832901554404145 0.6172426607209216
0.9447901844978333 0.8147668393782384 0.7670011148272018 0.7590673575129534 0.7536231884057971
0.7076102495193481 0.7512953367875648 0.8647342995169082 0.6826424870466321 0.8472686733556298
