0.9999939203262329 0.9088145896656535 0.992826780021254 0.743161094224924 0.9821997874601488
0.9999836683273315 0.6458966565349544 0.8435175345377258 0.5638297872340425 0.8328905419766206
0.9999755620956421 0.60790273556231 0.9896386822529224 0.5379939209726444 0.9795430393198725
0.9999657869338989 0.8145896656534954 0.8095111583421891 0.7462006079027356 0.7988841657810839
0.9999089241027832 0.7279635258358662 0.37300743889479276 0.6610942249240122 0.36317747077577045
0.9998680353164673 0.09270516717325228 0.1434643995749203 0.025835866261398176 0.13416578108395324
0.9998632669448853 0.6413373860182371 0.8868225292242295 0.5699088145896657 0.8780552603613178
0.9998446702957153 0.7386018237082067 0.4816684378320935 0.6717325227963525 0.4715727948990436
0.9997040629386902 0.23404255319148937 0.08262486716259299 0.15653495440729484 0.07199787460148778
0.9996745586395264 0.3434650455927052 0.11291179596174283 0.28419452887537994 0.10122210414452709
0.9996151924133301 0.7917933130699089 0.048618490967056324 0.7264437689969605 0.036663124335812966
0.9992930889129639 0.7021276595744681 0.08209351753453772 0.6246200607902735 0.07279489904357067
0.999193012714386 0.23252279635258358 0.1277895855472901 0.1656534954407295 0.11742826780021254
0.9987319111824036 0.7446808510638298 0.6989904357066951 0.6656534954407295 0.6915515409139213
0.9983686804771423 0.9407294832826748 0.21253985122210414 0.8145896656534954 0.20244420828905418
0.9981254935264587 0.22340425531914893 0.19553666312433582 0.1656534954407295 0.18331562167906482
0.9964854717254639 0.7370820668693009 0.2632837407013815 0.662613981762918 0.25292242295430395
0.9957569241523743 0.7857142857142857 0.07731137088204039 0.7310030395136778 0.06562167906482465
0.9923324584960938 0.44832826747720367 0.07678002125398513 0.3890577507598784 0.06349628055260362
0.9922643899917603 0.601823708206687 0.049681190223166846 0.5455927051671733 0.039319872476089264
0.9737880825996399 0.4316109422492401 0.03400637619553666 0.37537993920972645 0.02763018065887354
0.9366969466209412 0.39209726443769 0.9946865037194474 0.2917933130699088 0.9689160467587673
0.9261749982833862 0.9164133738601824 0.03400637619553666 0.8647416413373861 0.02736450584484591
0.82950359582901 0.5562310030395137 0.036663124335812966 0.506079027355623 0.0281615302869288
0.5730905532836914 0.6671732522796353 0.022582359192348564 0.6261398176291794 0.01487778958554729
0.5186380743980408 0.5683890577507599 0.0757173219978746 0.5045592705167173 0.06296493092454836
