0.9999916553497314 0.4299363057324841 0.9841384282624369 0.37261146496815284 0.97380437394857
0.9999914169311523 0.6475583864118896 0.2823840422975246 0.5488322717622081 0.2715693342946407
0.9999840259552002 0.5159235668789809 0.9146839701994712 0.47876857749469215 0.8990627253064167
0.9999809265136719 0.2515923566878981 0.18505167027156932 0.20169851380042464 0.17135304013458302
0.9999799728393555 0.5254777070063694 0.8202355203076184 0.47664543524416136 0.8130257149723624
0.9999712705612183 0.6475583864118896 0.9978370583994232 0.5615711252653928 0.9894256188416246
0.9999699592590332 0.5307855626326964 0.3263638548425859 0.4745222929936306 0.31771208844027876
0.9999655485153198 0.5265392781316348 0.4251381879355924 0.47664543524416136 0.4155251141552511
0.9999511241912842 0.5276008492569002 0.5234318673395818 0.4734607218683652 0.5142994472482576
0.999932050704956 0.16772823779193205 0.16486421533285267 0.11677282377919321 0.15260754626291756
0.9999215602874756 0.5222929936305732 0.7209805335255948 0.4861995753715499 0.711127132900745
0.9999148845672607 0.6507430997876857 0.8887286709925498 0.589171974522293 0.8769526556116318
0.9997344613075256 0.6878980891719745 0.9728430665705359 0.5987261146496815 0.9601057438115838
0.9997121691703796 0.5021231422505308 0.16029800528719057 0.45329087048832273 0.15116558519586637
0.9996334314346313 0.15817409766454352 0.2633982215813506 0.11677282377919321 0.2547464551790435
0.9966962337493896 0.6539278131634819 0.11896178803172314 0.6146496815286624 0.11271329007450132
0.9962025284767151 0.4288747346072187 0.12929584234559 0.37791932059447986 0.12112472963229992
0.9947718977928162 0.1613588110403397 0.21965873588079787 0.11358811040339703 0.21316991107906752
0.9929293990135193 0.5233545647558386 0.2617159336697909 0.42462845010615713 0.24513338139870222
0.967094898223877 0.49575371549893843 0.13674597452535447 0.4394904458598726 0.12929584234559
0.9653052687644958 0.5583864118895966 0.15693342946407113 0.5159235668789809 0.14659937515020427
0.9412907361984253 0.3237791932059448 0.15957702475366498 0.28556263269639065 0.14419610670511895
0.9104835391044617 0.6656050955414012 0.9605863975006008 0.6157112526539278 0.9497716894977168
0.9066582322120667 0.2929936305732484 0.9870223503965393 0.19957537154989385 0.966594568613314
0.9045050740242004 0.4023354564755839 0.1590963710646479 0.3630573248407643 0.14395577986061042
0.7940735220909119 0.2346072186836518 0.2083633741888969 0.1910828025477707 0.1992309540975727
