0.9999927282333374 0.752453653217012 0.28097982708933716 0.6466739367502726 0.27185398655139287
0.9999783039093018 0.5779716466739367 0.1356868395773295 0.5223555070883316 0.12776176753121998
0.9999686479568481 0.49727371864776443 0.9824687800192123 0.44929116684841874 0.9719020172910663
0.9999192953109741 0.6063249727371864 0.7190201729106628 0.5441657579062159 0.7118155619596542
0.9999154806137085 0.604143947655398 0.5223342939481268 0.5507088331515813 0.5139289145052833
0.9998738765716553 0.6074154852780806 0.8186839577329491 0.5539803707742639 0.8114793467819404
0.9998699426651001 0.2300981461286805 0.2627281460134486 0.18102508178844057 0.25504322766570603
0.9998366832733154 0.5997818974918212 0.3249279538904899 0.5550708833151581 0.3177233429394813
0.999790370464325 0.7546346782988005 0.9956772334293948 0.6804798255179935 0.9875120076849183
0.9996968507766724 0.5801526717557252 0.15994236311239193 0.5223555070883316 0.15225744476464936
0.9992225170135498 0.6052344601962922 0.42363112391930835 0.5528898582333697 0.4159462055715658
0.9977654218673706 0.4841875681570338 0.1558597502401537 0.43838604143947657 0.14241114313160422
0.9947456121444702 0.3042529989094875 0.1839577329490874 0.2584514721919302 0.17050912584053796
0.987065315246582 0.13086150490730644 0.9495677233429395 0.09051254089422028 0.9409221902017291
0.9852678775787354 0.39476553980370777 0.15730067243035542 0.3555070883315158 0.14457252641690682
0.8373332619667053 0.16793893129770993 0.1282420749279539 0.09269356597600872 0.11215177713736792
0.8029965758323669 0.6401308615049073 0.15537944284341978 0.5888767720828789 0.14601344860710855
0.7841171622276306 0.5387131952017448 0.2507204610951009 0.48091603053435117 0.23607108549471661
0.7813045978546143 0.7295528898582334 0.11767531219980788 0.693565976008724 0.11191162343900096
0.7622016668319702 0.6390403489640131 0.11791546589817484 0.6106870229007634 0.11191162343900096
0.6017393469810486 0.2366412213740458 0.2062920268972142 0.18647764449291168 0.1947646493756004
0.5708228945732117 0.3653217011995638 0.9853506243996157 0.27589967284623773 0.962536023054755
0.5589489936828613 0.5561613958560524 0.11791546589817484 0.5169029443838604 0.11071085494716619
