0.999977707862854 0.6015037593984962 0.9831089997360781 0.5323308270676692 0.9730799683293745
0.9999076128005981 0.7203007518796992 0.37054631828978624 0.6541353383458647 0.3607812087622064
0.9998975992202759 0.23007518796992482 0.0804961731327527 0.14887218045112782 0.0702032198469253
0.9997760653495789 0.7383458646616541 0.47901821060965954 0.6571428571428571 0.4708366323568224
0.9997562766075134 0.3308270676691729 0.10688836104513064 0.27518796992481204 0.09290050145157033
0.9997243285179138 0.6977443609022557 0.08102401689100026 0.6210526315789474 0.07231459487991554
0.9995063543319702 0.6917293233082706 0.05304829770387965 0.6240601503759399 0.04249142253892848
0.9994738698005676 0.7308270676691729 0.8031142781736605 0.6586466165413534 0.7946687780416997
0.9990479350090027 0.9142857142857143 0.997624703087886 0.7684210526315789 0.9904988123515439
0.9987843632698059 0.7518796992481203 0.2615465822116653 0.6661654135338346 0.2517814726840855
0.9987407326698303 0.7368421052631579 0.6943784639746635 0.6586466165413534 0.6867247294800739
0.9987305998802185 0.4421052631578947 0.07627342306677223 0.3894736842105263 0.061493797835840594
0.9972918629646301 0.22406015037593985 0.14410134600158353 0.15338345864661654 0.13539192399049882
0.9972053170204163 0.9308270676691729 0.21113750329902348 0.8045112781954887 0.2008445500131961
0.9959847927093506 0.21804511278195488 0.19477434679334918 0.16390977443609023 0.18237001847453155
0.9897915124893188 0.7759398496240602 0.07495381367115334 0.7157894736842105 0.06360517286883083
0.9699177145957947 0.7819548872180451 0.032726313011348644 0.7368421052631579 0.026920031670625493
0.9564421772956848 0.39097744360902253 0.9875956716811823 0.2887218045112782 0.9627870150435471
0.8786810636520386 0.637593984962406 0.1802586434415413 0.5609022556390978 0.1623119556611243
0.824340283870697 0.9097744360902256 0.035629453681710214 0.8646616541353384 0.027183953549749274
0.7575569152832031 0.21804511278195488 0.12984956452889945 0.1593984962406015 0.1187648456057007
