0.9999891519546509 0.20384294068504594 0.46923076923076923 0.1843497632971317 0.3659340659340659
0.9999885559082031 0.28237259816207183 0.48021978021978023 0.25870231133389027 0.38571428571428573
0.9999880790710449 0.5822890559732665 0.47692307692307695 0.5658590921748816 0.3791208791208791
0.9999734163284302 0.35421888053467 0.4989010989010989 0.33695349484823167 0.3813186813186813
0.9999699592590332 0.7053745474798107 0.6098901098901099 0.6900584795321637 0.5604395604395604
0.9999648332595825 0.1542745753272069 0.3747252747252747 0.13784461152882205 0.27582417582417584
0.9999643564224243 0.505708716235032 0.521978021978022 0.48900027847396266 0.4021978021978022
0.9999618530273438 0.9621275410749095 0.5 0.9470899470899471 0.43626373626373627
0.9999563694000244 0.7371205792258424 0.4989010989010989 0.7184628237259816 0.44835164835164837
0.9999154806137085 0.9958228905597326 0.36043956043956044 0.975494291283765 0.26263736263736265
0.9999063014984131 0.32470064049011416 0.5835164835164836 0.30966304650515175 0.5307692307692308
0.9998798370361328 0.8908382066276803 0.49230769230769234 0.8705096073517126 0.43626373626373627
0.999863862991333 0.12419938735728209 0.4956043956043956 0.10665552770815928 0.42417582417582417
0.9998419284820557 0.1336675020885547 0.22857142857142856 0.10164299637983848 0.16263736263736264
0.9997419714927673 0.0785296574770259 0.389010989010989 0.06460595934280144 0.24395604395604395
0.9997244477272034 0.657198551935394 0.4956043956043956 0.6413255360623782 0.432967032967033
0.9994785189628601 0.42884990253411304 0.4945054945054945 0.4165970481759955 0.34615384615384615
0.9994396567344666 0.8159287106655527 0.4945054945054945 0.7961570593149541 0.42747252747252745
