0.999972939491272 0.07909765848086807 0.45604395604395603 0.0633923472301542 0.3934065934065934
0.9999597072601318 0.23615077098800685 0.5516483516483517 0.220445459737293 0.4846153846153846
0.99994957447052 0.970873786407767 0.34065934065934067 0.9543118218161051 0.21978021978021978
0.9999450445175171 0.6245002855511137 0.5428571428571428 0.6105082809822958 0.4857142857142857
0.9999430179595947 0.6267846944603084 0.4593406593406593 0.6099371787549971 0.4010989010989011
0.9999357461929321 0.39149057681324956 0.45494505494505494 0.3757852655625357 0.389010989010989
0.999931812286377 0.4711593375214163 0.5527472527472528 0.4523129640205597 0.4967032967032967
0.999902606010437 0.31467732724157627 0.46263736263736266 0.2958309537407196 0.4076923076923077
0.9999018907546997 0.5485436893203883 0.5571428571428572 0.5314106225014278 0.4956043956043956
0.9998990297317505 0.5471159337521416 0.45054945054945056 0.5299828669331811 0.3978021978021978
0.9998948574066162 0.7041690462592805 0.5593406593406594 0.6864648772130212 0.49340659340659343
0.9998705387115479 0.7838378069674472 0.4582417582417582 0.7647058823529411 0.3989010989010989
0.999848484992981 0.3143917761279269 0.5439560439560439 0.30068532267275844 0.4912087912087912
0.999825656414032 0.09423186750428326 0.17802197802197803 0.054254711593375214 0.13406593406593406
0.9998216032981873 0.9411764705882353 0.5582417582417583 0.9246145059965734 0.4967032967032967
0.9997836947441101 0.8595088520845231 0.5538461538461539 0.8403769274700171 0.4901098901098901
0.9997689127922058 0.8612221587664192 0.45714285714285713 0.8415191319246145 0.38351648351648354
0.9997581839561462 0.15676756139348944 0.46153846153846156 0.13906339234723014 0.4010989010989011
0.9997355341911316 0.7849800114220445 0.5582417582417583 0.7664191890348372 0.4901098901098901
0.9997066855430603 0.15962307252998287 0.5505494505494506 0.14163335237007424 0.49340659340659343
0.9996029734611511 0.38863506567675615 0.5505494505494506 0.37549971444888636 0.4846153846153846
0.9992218017578125 0.9406053683609366 0.45714285714285713 0.9200456881781839 0.3989010989010989
0.9989474415779114 0.7081667618503712 0.45494505494505494 0.6853226727584237 0.3945054945054945
0.9980897307395935 0.07709880068532267 0.5483516483516484 0.060822387207310105 0.4901098901098901
0.9977383613586426 0.23814962878355225 0.45384615384615384 0.2284408909194746 0.38571428571428573
0.9309619665145874 0.9994288977727013 0.8758241758241758 0.9800114220445459 0.8461538461538461
