0.999967098236084 0.6117775354416576 0.7034868245940911 0.5670665212649946 0.6904445035932926
0.9999568462371826 0.4340239912758997 0.9914825658770295 0.38276990185387133 0.981634282672345
0.9999285936355591 0.6521264994547438 0.8842161298908704 0.6063249727371864 0.8743678466861858
0.9999217987060547 0.6128680479825518 0.8107532605802502 0.5605234460196292 0.8001064679265372
0.9999086856842041 0.09051254089422028 0.918552036199095 0.04689203925845147 0.8983231301570402
0.99988853931427 0.6128680479825518 0.6042054830982166 0.5561613958560524 0.5940910300771892
0.9998699426651001 0.09487459105779716 0.8706414692573862 0.04689203925845147 0.8613255256853872
0.9997487664222717 0.6183206106870229 0.4844290657439446 0.5605234460196292 0.4732499334575459
0.7292880415916443 0.5169029443838604 0.972318339100346 0.46892039258451473 0.9635347351610327
0.727131187915802 0.24972737186477645 0.9648655842427468 0.17448200654307525 0.9446366782006921
