0.9999775886535645 0.5519831730769231 0.3566621803499327 0.5300480769230769 0.27456258411843876
0.9999250173568726 0.3837139423076923 0.3472409152086137 0.36388221153846156 0.27994616419919244
0.9999163150787354 0.8756009615384616 0.3553162853297443 0.8575721153846154 0.2732166890982503
0.9999057054519653 0.13762019230769232 0.35935397039030953 0.1180889423076923 0.2853297442799462
0.9998878240585327 0.05739182692307692 0.3553162853297443 0.038461538461538464 0.28936742934051146
0.9998821020126343 0.9933894230769231 0.20861372812920592 0.9738581730769231 0.0901749663526245
0.9998677968978882 0.7971754807692307 0.35397039030955585 0.7743389423076923 0.2853297442799462
0.9997782111167908 0.47025240384615385 0.35935397039030953 0.44471153846153844 0.2732166890982503
0.9997588992118835 0.30228365384615385 0.36608344549125166 0.2824519230769231 0.27994616419919244
0.9997565150260925 0.7151442307692307 0.34993270524899056 0.6950120192307693 0.27456258411843876
0.9996770620346069 0.22205528846153846 0.34993270524899056 0.19831730769230768 0.27860026917900405
0.9994170665740967 0.14032451923076922 0.4670255720053836 0.11748798076923077 0.40107671601615075
0.9993151426315308 0.796875 0.4737550471063257 0.7767427884615384 0.40107671601615075
0.9989249110221863 0.46334134615384615 0.46567967698519513 0.44981971153846156 0.3997308209959623
0.9988759160041809 0.30528846153846156 0.4670255720053836 0.28305288461538464 0.40242261103633914
0.9978680610656738 0.053786057692307696 0.46567967698519513 0.03485576923076923 0.3876177658142665
0.9968491196632385 0.3825120192307692 0.46837146702557203 0.3644831730769231 0.38627187079407804
0.9967453479766846 0.21995192307692307 0.47510094212651416 0.20072115384615385 0.3876177658142665
0.9967238306999207 0.8740985576923077 0.4737550471063257 0.8599759615384616 0.38492597577388965
0.9959101676940918 0.7145432692307693 0.47644683714670255 0.6965144230769231 0.3876177658142665
0.9857218265533447 0.9615384615384616 0.34993270524899056 0.9384014423076923 0.2839838492597577
0.981019914150238 0.9615384615384616 0.4670255720053836 0.9399038461538461 0.39703903095558546
