0.999971866607666 0.6309774436090225 0.40234375 0.6123308270676692 0.3203125
0.9999445676803589 0.3019548872180451 0.4075520833333333 0.28210526315789475 0.3268229166666667
0.9999256134033203 0.38165413533834586 0.3971354166666667 0.3675187969924812 0.3203125
0.9999175071716309 0.9951879699248121 0.2734375 0.9741353383458646 0.11458333333333333
0.9999090433120728 0.7969924812030075 0.40625 0.7768421052631579 0.3255208333333333
0.9999078512191772 0.05353383458646616 0.40234375 0.03669172932330827 0.3307291666666667
0.9998655319213867 0.877593984962406 0.3997395833333333 0.8586466165413534 0.3216145833333333
0.9998421669006348 0.22165413533834585 0.40234375 0.19969924812030077 0.3333333333333333
0.9998331069946289 0.13954887218045112 0.3984375 0.11578947368421053 0.3190104166666667
0.9997949004173279 0.4673684210526316 0.41015625 0.44571428571428573 0.3190104166666667
0.9997105002403259 0.8769924812030075 0.5143229166666666 0.8577443609022556 0.4361979166666667
0.9996557235717773 0.7169924812030075 0.4036458333333333 0.695639097744361 0.3294270833333333
0.9995957016944885 0.7127819548872181 0.5130208333333334 0.6920300751879699 0.4440104166666667
0.999574601650238 0.3840601503759398 0.51171875 0.3630075187969925 0.4466145833333333
0.9994839429855347 0.13593984962406014 0.5091145833333334 0.12 0.4401041666666667
0.9994169473648071 0.7942857142857143 0.5052083333333334 0.7771428571428571 0.44140625
0.9993162155151367 0.4667669172932331 0.5065104166666666 0.4493233082706767 0.4401041666666667
0.9991438388824463 0.056240601503759396 0.07421875 0.030977443609022555 0.013020833333333334
0.9990063309669495 0.3007518796992481 0.5078125 0.2839097744360902 0.4427083333333333
0.9989835619926453 0.05473684210526316 0.515625 0.035789473684210524 0.4401041666666667
0.9988853335380554 0.21654135338345865 0.4986979166666667 0.20210526315789473 0.4361979166666667
0.9950418472290039 0.9578947368421052 0.40234375 0.9434586466165413 0.32421875
0.9758570790290833 0.9615037593984962 0.5052083333333334 0.9431578947368421 0.4388020833333333
