0.9999916553497314 0.6354166666666666 0.3362364740036949 0.5714285714285714 0.3262074425969913
0.9999781847000122 0.6026785714285714 0.9812615465822117 0.5372023809523809 0.971232515175508
0.9999620914459229 0.7351190476190477 0.26286619160728425 0.6622023809523809 0.2507257851675904
0.9999603033065796 0.9345238095238095 0.9981525468461335 0.8110119047619048 0.9897070467141726
0.9999486207962036 0.6264880952380952 0.4452362100818158 0.5654761904761905 0.43547110055423593
0.9999368190765381 0.6324404761904762 0.7695961995249406 0.5669642857142857 0.7606228556347321
0.9999220371246338 0.5580357142857143 0.38822908419107943 0.4895833333333333 0.377936130905252
0.9999107122421265 0.9449404761904762 0.7540248086566377 0.8318452380952381 0.745315386645553
0.9998990297317505 0.7261904761904762 0.37160200580628133 0.6607142857142857 0.36104513064133015
0.9998931884765625 0.5580357142857143 0.28186856690419637 0.48660714285714285 0.27183953549749273
0.9998883008956909 0.6428571428571429 0.8376880443388757 0.5639880952380952 0.8268672472948008
0.9998539686203003 0.7425595238095238 0.6046450250725786 0.6354166666666666 0.5893375560833993
0.9998512268066406 0.7440476190476191 0.47717075745579307 0.6622023809523809 0.4668778041699657
0.9998193383216858 0.7008928571428571 0.05278437582475587 0.6324404761904762 0.04196357878068092
0.9997609257698059 0.2604166666666667 0.0804961731327527 0.19196428571428573 0.07125890736342043
0.999744713306427 0.34226190476190477 0.10556875164951174 0.28720238095238093 0.09131697017682766
0.9996837377548218 0.7485119047619048 0.6949063077329111 0.6666666666666666 0.6851411982053313
0.9996598958969116 0.5535714285714286 0.5128002111375033 0.48214285714285715 0.49195038268672475
0.9994999170303345 0.5595238095238095 0.40617577197149646 0.4806547619047619 0.3953549749274215
0.9993364214897156 0.5550595238095238 0.7144365267880707 0.47767857142857145 0.7036157297439958
0.9991069436073303 0.7142857142857143 0.08366323568223806 0.6383928571428571 0.07046714172604909
0.9989607334136963 0.5520833333333334 0.8231723409870678 0.4791666666666667 0.8128793877012405
0.9987467527389526 0.7410714285714286 0.6310372129849564 0.6488095238095238 0.6165215096331486
0.9986691474914551 0.9181547619047619 0.21113750329902348 0.7991071428571429 0.2034837688044339
0.9969929456710815 0.7351190476190477 0.8041699656901558 0.6517857142857143 0.7928213248878332
0.9946101903915405 0.5654761904761905 0.2974399577724993 0.47619047619047616 0.28556347321192926
0.9931049942970276 0.2261904761904762 0.19451042491422538 0.16220238095238096 0.18237001847453155
0.9927652478218079 0.9107142857142857 0.034045922406967535 0.8571428571428571 0.027447875428873055
0.9919820427894592 0.7842261904761905 0.07495381367115334 0.71875 0.06466086038532594
0.9899141788482666 0.7857142857142857 0.0332541567695962 0.7485119047619048 0.026920031670625493
0.987903892993927 0.5550595238095238 0.7334389020849829 0.4791666666666667 0.7202428081287939
0.9841054081916809 0.22916666666666666 0.14330958036421218 0.16071428571428573 0.13644761150699394
0.9691295623779297 0.2261904761904762 0.1290577988915281 0.15922619047619047 0.11850092372657693
0.9602859616279602 0.5535714285714286 0.07627342306677223 0.3645833333333333 0.0625494853523357
0.8785372972488403 0.40029761904761907 0.9852203747690683 0.2961309523809524 0.9619952494061758
0.746848464012146 0.6681547619047619 0.03351807864871998 0.6294642857142857 0.02823964106624439
0.6834794878959656 0.4330357142857143 0.0345737661652151 0.38839285714285715 0.027447875428873055
0.6294423937797546 0.2261904761904762 0.419899709685933 0.14732142857142858 0.41250989707046715
