0.9999568462371826 0.5105740181268882 0.48599605522682443 0.41389728096676737 0.4714003944773176
0.9999462366104126 0.5151057401812689 0.24970414201183433 0.41842900302114805 0.2331360946745562
0.9998855590820312 0.6344410876132931 0.11873767258382643 0.5211480362537765 0.10374753451676529
0.9998756647109985 0.5634441087613293 0.7195266272189349 0.36253776435045315 0.7029585798816568
0.9997753500938416 0.7326283987915407 0.8994082840236687 0.648036253776435 0.8844181459566075
0.9997718930244446 0.7265861027190332 0.0844181459566075 0.5981873111782477 0.06863905325443787
0.9997472167015076 0.5302114803625377 0.41183431952662725 0.43655589123867067 0.39684418145956607
0.9995688796043396 0.6691842900302115 0.24970414201183433 0.5996978851963746 0.23471400394477318
0.9992918968200684 0.5317220543806647 0.17041420118343195 0.35196374622356497 0.15502958579881657
0.9991971850395203 0.7265861027190332 0.9412228796844182 0.6525679758308157 0.9293885601577909
0.9991801381111145 0.5921450151057401 0.5735700197238659 0.3338368580060423 0.5597633136094674
0.9986962676048279 0.7401812688821753 0.4863905325443787 0.6389728096676737 0.4710059171597633
0.9986252784729004 0.5196374622356495 0.6520710059171597 0.4486404833836858 0.6398422090729783
0.9985367059707642 0.30060422960725075 0.9069033530571992 0.24924471299093656 0.8938856015779093
0.9983976483345032 0.29607250755287007 0.7712031558185405 0.243202416918429 0.7593688362919132
0.9970735311508179 0.6737160120845922 0.6528599605522682 0.6148036253776435 0.6402366863905326
0.9969118237495422 0.7265861027190332 0.33136094674556216 0.6616314199395771 0.316370808678501
0.996866762638092 0.729607250755287 0.5763313609467455 0.6450151057401813 0.558974358974359
0.9964616894721985 0.7341389728096677 0.7747534516765286 0.6555891238670695 0.7577909270216963
0.9963753819465637 0.4078549848942598 0.87534516765286 0.3504531722054381 0.8611439842209073
0.9951826930046082 0.46827794561933533 0.7723865877712032 0.38972809667673713 0.7570019723865877
0.9949937462806702 0.6661631419939577 0.716370808678501 0.595166163141994 0.7005917159763314
0.9931414723396301 0.5332326283987915 0.33136094674556216 0.4697885196374622 0.3175542406311637
0.993093729019165 0.7537764350453172 0.17120315581854043 0.6450151057401813 0.15502958579881657
0.9865487217903137 0.47129909365558914 0.9057199211045365 0.3957703927492447 0.8879684418145957
0.9806384444236755 0.25226586102719034 0.016173570019723867 0.1540785498489426 0.0015779092702169625
0.9770719408988953 0.6631419939577039 0.32978303747534515 0.5861027190332326 0.31597633136094677
0.9755558967590332 0.41842900302114805 0.8031558185404339 0.3549848942598187 0.7889546351084813
0.8834975957870483 0.47129909365558914 0.3309664694280079 0.3972809667673716 0.316370808678501
0.8753049969673157 0.5332326283987915 0.9455621301775148 0.46676737160120846 0.9321499013806707
0.8591609001159668 0.4622356495468278 0.9467455621301775 0.3821752265861027 0.9341222879684418
0.7726540565490723 0.27341389728096677 0.8698224852071006 0.2190332326283988 0.8583826429980276
0.7523816227912903 0.2764350453172205 0.8043392504930966 0.2084592145015106 0.7913214990138067
