0.9999275207519531 0.5052631578947369 0.6239043824701195 0.4195488721804511 0.6107569721115538
0.9999172687530518 0.6887218045112782 0.9924302788844621 0.5172932330827068 0.9784860557768924
0.9999144077301025 0.7924812030075188 0.21952191235059762 0.7218045112781954 0.2
0.9999054670333862 0.5052631578947369 0.949402390438247 0.41654135338345866 0.9386454183266932
0.9998879432678223 0.4857142857142857 0.21952191235059762 0.42255639097744363 0.200398406374502
0.9998570680618286 0.4932330827067669 0.38247011952191234 0.4180451127819549 0.36772908366533863
0.9998569488525391 0.4932330827067669 0.300796812749004 0.42105263157894735 0.2848605577689243
0.9998227953910828 0.49022556390977445 0.13545816733067728 0.4255639097744361 0.11872509960159362
0.9998206496238708 0.49473684210526314 0.46294820717131474 0.41654135338345866 0.447808764940239
0.9997970461845398 0.4917293233082707 0.8705179282868526 0.41654135338345866 0.8557768924302789
0.9997904896736145 0.4917293233082707 0.5430278884462152 0.4105263157894737 0.5318725099601593
0.9996497631072998 0.5037593984962406 0.7091633466135459 0.42105263157894735 0.6908366533864542
0.9994878768920898 0.48721804511278194 0.7896414342629482 0.42105263157894735 0.7685258964143427
0.9993813037872314 0.724812030075188 0.1589641434262948 0.6526315789473685 0.14382470119521912
0.9991773962974548 0.8090225563909774 0.05338645418326693 0.7172932330827068 0.037848605577689244
0.9989261031150818 0.3157894736842105 0.05099601593625498 0.24210526315789474 0.03904382470119522
0.9987840056419373 0.8135338345864662 0.8653386454183267 0.724812030075188 0.847808764940239
0.9973613619804382 0.8150375939849624 0.747410358565737 0.7338345864661654 0.7314741035856573
0.9969269633293152 0.5398496240601504 0.01752988047808765 0.44360902255639095 0.00039840637450199205
0.9909510612487793 0.849624060150376 0.8127490039840638 0.7578947368421053 0.7892430278884462
0.9533634781837463 0.8225563909774436 0.7059760956175298 0.7323308270676692 0.6856573705179283
0.9169166088104248 0.8917293233082707 0.08804780876494024 0.8390977443609022 0.07410358565737052
0.9138071537017822 0.8120300751879699 0.6235059760956175 0.7278195488721805 0.6091633466135458
0.8197519183158875 0.8977443609022556 0.249800796812749 0.843609022556391 0.23784860557768925
0.5892726182937622 0.8571428571428571 0.33027888446215137 0.7849624060150376 0.3187250996015936
0.524552047252655 0.8947368421052632 0.12390438247011952 0.8360902255639098 0.11035856573705179
