0.9997361302375793 0.4510807736063709 0.4072743601257297 0.41325369738339024 0.36192186798383474
0.9973982572555542 0.9869169510807736 0.29815895823978444 0.9638794084186576 0.2312528064660979
0.9973620772361755 0.5910125142207053 0.9339919173776381 0.5608646188850968 0.8886394252357431
0.9963745474815369 0.40102389078498296 0.31746744499326446 0.38282138794084186 0.2397844634036821
0.9906086921691895 0.6228668941979523 0.28378985181859 0.5986916951080774 0.2276605298607993
0.9791929721832275 0.44908987485779295 0.9330938482263135 0.4109783845278726 0.8890884598114055
0.9507083296775818 0.5159271899886234 0.9896722047597665 0.4854948805460751 0.9483610237988325
0.939074695110321 0.5079635949943118 0.20161652447238437 0.47525597269624575 0.1656937584193983
0.8638754487037659 0.5878839590443686 0.3987427031881455 0.5625711035267349 0.3592276605298608
0.6080350279808044 0.5096700796359499 0.33587786259541985 0.4803754266211604 0.29456668163448585
0.5278170704841614 0.5213310580204779 0.7139649753030983 0.47810011376564276 0.6497530309833858
