0.9999197721481323 0.1339459760512392 0.3412322274881517 0.10303536619326092 0.3056872037914692
0.999915361404419 0.6989696463380674 0.5450236966824644 0.670843776106934 0.5042654028436019
0.9998629093170166 0.3483709273182957 0.5360189573459716 0.31523252575884153 0.5104265402843602
0.999727189540863 0.5778334725703147 0.7018957345971564 0.5561125034809246 0.6630331753554503
0.9991723299026489 0.35254803675856305 0.6071090047393365 0.328042328042328 0.5644549763033175
0.9990320205688477 0.9192425508214982 0.3459715639810427 0.8863826232247285 0.29241706161137443
0.9989172220230103 0.6911723753829017 0.4881516587677725 0.6733500417710944 0.42843601895734595
0.9985406398773193 0.9671400724032303 0.24454976303317535 0.9473684210526315 0.209478672985782
0.9978188276290894 0.3514341409078251 0.4838862559241706 0.32692843219159007 0.44454976303317534
0.9970694184303284 0.5948203842940685 0.2890995260663507 0.5736563631300473 0.23175355450236967
0.9970268607139587 0.3620161514898357 0.8644549763033176 0.3389028125870231 0.8369668246445497
0.9968532919883728 0.3611807296017822 0.943127962085308 0.3363965469228627 0.9246445497630332
0.9962829947471619 0.4600389863547758 0.7137440758293839 0.44082428292954606 0.6549763033175355
0.9815061092376709 0.4505708716235032 0.3180094786729858 0.4249512670565302 0.25971563981042656
0.9792013168334961 0.5842383737120579 0.7578199052132701 0.5683653578390421 0.7431279620853081
0.9773274660110474 0.3659147869674185 0.7061611374407583 0.3380673906989696 0.681042654028436
0.9749929308891296 0.6752993595098858 0.9440758293838862 0.6683375104427736 0.923696682464455
0.9622887969017029 0.6758563074352548 0.7090047393364929 0.6683375104427736 0.685781990521327
0.9468475580215454 0.6931216931216931 0.6132701421800948 0.6683375104427736 0.5734597156398105
0.9433563947677612 0.3634085213032581 0.785781990521327 0.33751044277360065 0.7587677725118483
0.9337955117225647 0.9412419938735728 0.3767772511848341 0.9267613478139793 0.36208530805687206
0.882660984992981 0.6766917293233082 0.8682464454976303 0.6683375104427736 0.8445497630331753
0.8643255829811096 0.021164021164021163 0.28720379146919434 0.000835421888053467 0.22843601895734597
0.8014581799507141 0.6240601503759399 0.6298578199052133 0.6145920356446672 0.6123222748815166
0.791286826133728 0.5324422166527429 0.8293838862559242 0.4948482316903369 0.7582938388625592
0.6629183292388916 0.09273182957393483 0.3767772511848341 0.07658033973823447 0.36161137440758295
0.6099177002906799 0.6683375104427736 0.64739336492891 0.6427179058758006 0.6113744075829384
0.5901261568069458 0.6761347813979393 0.7834123222748816 0.6599832915622389 0.7578199052132701
0.5670171976089478 0.7911445279866333 0.26398104265402844 0.7797270955165692 0.24786729857819906
0.5352874398231506 0.633249791144528 0.9473933649289099 0.6126427179058758 0.928436018957346
