0.9999957084655762 0.8697584004443211 0.5558194774346793 0.8528186614829214 0.42755344418052255
0.9999921321868896 0.032768675367953345 0.5463182897862233 0.013885031935573451 0.4477434679334917
0.9999881982803345 0.10858094973618439 0.5439429928741093 0.0896973063038045 0.4584323040380047
0.9999850988388062 0.18439322410441544 0.5914489311163895 0.16800888642043876 0.4513064133016627
0.9999688863754272 0.5084698694806998 0.39667458432304037 0.4887531241321855 0.31235154394299286
0.9999645948410034 0.7181338517078589 0.5866983372921615 0.6961955012496529 0.4323040380047506
0.9999619722366333 0.26353790613718414 0.5403800475059383 0.23965565120799778 0.42755344418052255
0.9999598264694214 0.430435990002777 0.39667458432304037 0.4134962510413774 0.3254156769596199
0.9999352693557739 0.5851152457650652 0.39073634204275537 0.5662316023326853 0.3254156769596199
0.9999125003814697 0.9180783115801167 0.45961995249406173 0.896973063038045 0.34323040380047504
0.9998915195465088 0.35267981116356567 0.3919239904988123 0.33796167731185783 0.32897862232779096
0.999613344669342 0.11524576506525964 0.2826603325415677 0.09858372674257151 0.22209026128266032
0.9994981288909912 0.883365731741183 0.27790973871733965 0.8667036934184948 0.2209026128266033
0.999309778213501 0.663704526520411 0.3824228028503563 0.6475978894751457 0.24109263657957244
0.9966006875038147 0.0583171341294085 0.07482185273159145 0.03332407664537628 0.00831353919239905
0.9772246479988098 0.19411274645931686 0.2672209026128266 0.17606220494307137 0.2209026128266033
0.9737416505813599 0.2168841988336573 0.26365795724465557 0.2063315745626215 0.22327790973871733
0.959488034248352 0.2168841988336573 0.15914489311163896 0.20605387392391003 0.12470308788598575
0.9567908048629761 0.15440155512357678 0.3491686460807601 0.13579561232990836 0.29334916864608074
0.8954153060913086 0.8989169675090253 0.15320665083135393 0.8886420438767009 0.0997624703087886
0.8376722931861877 0.18633712857539572 0.16270783847980996 0.17439600111080256 0.12232779097387174
0.6691838502883911 0.8997500694251597 0.27197149643705465 0.8905859483476812 0.20783847980997625
