0.9999953508377075 0.7383458646616541 0.5746534653465346 0.6631578947368421 0.5592079207920793
0.9999911785125732 0.6390977443609023 0.11762376237623762 0.5172932330827068 0.10455445544554455
0.9999740123748779 0.6105263157894737 0.7453465346534653 0.4842105263157895 0.7318811881188119
0.9999489784240723 0.6090225563909775 0.527920792079208 0.49022556390977445 0.5140594059405941
0.9999358654022217 0.6451127819548872 0.48356435643564355 0.5774436090225564 0.4689108910891089
0.9999333620071411 0.46616541353383456 0.5722772277227722 0.38646616541353385 0.5552475247524753
0.9998917579650879 0.6571428571428571 0.4079207920792079 0.5759398496240602 0.3940594059405941
0.9997227787971497 0.09774436090225563 0.9386138613861386 0.03007518796992481 0.9235643564356436
0.9988594055175781 0.4616541353383459 0.6578217821782179 0.37894736842105264 0.6388118811881188
0.9987717270851135 0.2887218045112782 0.7702970297029703 0.23759398496240602 0.7568316831683168
0.9986525774002075 0.40601503759398494 0.8740594059405941 0.34285714285714286 0.8613861386138614
0.9986170530319214 0.7338345864661654 0.7754455445544555 0.6466165413533834 0.7576237623762376
0.9981217980384827 0.2736842105263158 0.8700990099009901 0.22105263157894736 0.857029702970297
0.9976240992546082 0.7413533834586467 0.9017821782178218 0.6676691729323309 0.885940594059406
0.9971798658370972 0.3007518796992481 0.906930693069307 0.2571428571428571 0.8942574257425743
0.994279146194458 0.4631578947368421 0.7746534653465347 0.39398496240601505 0.7568316831683168
0.9931436777114868 0.41353383458646614 0.8003960396039604 0.35037593984962406 0.7853465346534654
0.9920758008956909 0.7308270676691729 0.6510891089108911 0.6526315789473685 0.638019801980198
0.9892563819885254 0.45263157894736844 0.9045544554455446 0.3804511278195489 0.8871287128712871
0.936021625995636 0.2706766917293233 0.8055445544554456 0.20451127819548873 0.7900990099009901
0.9344742298126221 0.7774436090225564 0.9334653465346535 0.706766917293233 0.9120792079207921
0.933050811290741 0.23759398496240602 0.012277227722772278 0.12781954887218044 0.0
0.7682209014892578 0.7323308270676692 0.9631683168316831 0.6706766917293233 0.9504950495049505
