0.99998939037323 0.03270509977827051 0.5429917550058893 0.01385809312638581 0.44405182567726736
0.9999884366989136 0.7161862527716186 0.5371024734982333 0.6959534368070953 0.44758539458186103
0.9999849796295166 0.8664079822616408 0.5429917550058893 0.8492239467849224 0.4381625441696113
0.9999563694000244 0.9132483370288248 0.4546525323910483 0.8982815964523282 0.3580683156654888
0.9999397993087769 0.35365853658536583 0.36866902237926974 0.33952328159645234 0.26855123674911663
0.9999252557754517 0.18514412416851442 0.5406360424028268 0.1696230598669623 0.4464075382803298
0.9998830556869507 0.6585365853658537 0.36866902237926974 0.6424611973392461 0.25206124852767964
0.9998346567153931 0.26302660753880264 0.5547703180212014 0.2397450110864745 0.43462897526501765
0.9998341798782349 0.11086474501108648 0.5453474676089517 0.09118625277161863 0.4546525323910483
0.9984347224235535 0.8015521064301552 0.3674911660777385 0.7857538802660754 0.30977620730270905
0.997655987739563 0.05709534368070954 0.071849234393404 0.02854767184035477 0.008244994110718492
0.997231662273407 0.11557649667405764 0.2756183745583039 0.0975609756097561 0.22379269729093051
0.996773898601532 0.7912971175166297 0.541813898704358 0.7696784922394678 0.4664310954063604
0.9934836030006409 0.8675166297117517 0.27208480565371024 0.850609756097561 0.21672555948174324
0.979237973690033 0.18708425720620842 0.16136631330977622 0.1746119733924612 0.12131919905771496
0.9684643745422363 0.21618625277161863 0.26030624263839813 0.2056541019955654 0.22143698468786807
0.9255627989768982 0.9889135254988913 0.5429917550058893 0.9711751662971175 0.4840989399293286
0.8899723291397095 0.15299334811529933 0.3474676089517079 0.13719512195121952 0.287396937573616
0.8484668731689453 0.21618625277161863 0.15429917550058891 0.20509977827050999 0.11896348645465253
0.7873939275741577 0.1937361419068736 0.2661955241460542 0.17738359201773837 0.22379269729093051
0.5711999535560608 0.20648558758314856 0.26383981154299174 0.1948447893569845 0.22379269729093051
