0.9999567270278931 0.5421283174439577 0.6528562460765851 0.5261530533367689 0.5794099183929693
0.9999181032180786 0.8940994589023448 0.480225988700565 0.8760628703942283 0.4494664155681105
0.9999170303344727 0.7809842824014429 0.6848713119899561 0.7665550115949498 0.6591337099811676
0.9999152421951294 0.9750064416387529 0.975517890772128 0.9394485957227519 0.9472693032015066
0.9998680353164673 0.4290131409430559 0.4475831763967357 0.41097655243493947 0.4155681104833647
0.999862790107727 0.14351971141458386 0.5907093534212178 0.12934810615820666 0.5141242937853108
0.9998552799224854 0.6132440092759598 0.6547394852479598 0.5962380829683072 0.6076585059635907
0.9998307228088379 0.3311002318989951 0.650345260514752 0.3153826333419222 0.6177024482109228
0.9998301267623901 0.7549600618397321 0.6547394852479598 0.7387271321824272 0.6164469554300063
0.9998100399971008 0.33135789744911104 0.3992467043314501 0.3171862921927338 0.36660389202762084
0.9997974038124084 0.6534398350940479 0.450721908349027 0.6410718886884823 0.4174513496547395
0.9996565580368042 0.11698015975264107 0.6472065285624607 0.1030662200463798 0.6139359698681732
0.9995585083961487 0.28626642617881987 0.4475831763967357 0.27106415872197887 0.41494036409290647
0.9995214939117432 0.8253027570213862 0.482736974262398 0.8075238340633857 0.450721908349027
0.9994082450866699 0.12522545735635146 0.4934086629001883 0.0989435712445246 0.46641556811048335
0.9993822574615479 0.8234990981705745 0.6490897677338355 0.8093274929141974 0.6139359698681732
0.9993703961372375 0.0760113372842051 0.5731324544883867 0.06183973202782788 0.5222849968612681
0.9991744160652161 0.918320020613244 0.5844318895166353 0.9049214120072147 0.5141242937853108
0.9988667964935303 0.2746714764236022 0.3804143126177024 0.25792321566606546 0.354676710608914
0.9951218962669373 0.2726101520226746 0.34023854362837413 0.2586962123164133 0.31763967357187695
0.9948369264602661 0.8922958000515331 0.7796610169491526 0.8848234990981706 0.7551789077212806
0.9906479716300964 0.6305076011337284 0.3370998116760829 0.6145323370265395 0.3069679849340866
0.9820214509963989 0.392939963926823 0.12303829252981795 0.3785106931203298 0.09667294413057125
0.9582974314689636 0.8933264622519969 0.8392969240426867 0.8832775057974749 0.8129315756434401
0.9552552103996277 0.892553465601649 0.7200251098556183 0.8840505024478227 0.6961707470182047
0.9432383179664612 0.8935841278021128 0.6591337099811676 0.8848234990981706 0.6359070935342122
0.9303268194198608 0.8742592115434167 0.7237915881983679 0.8600876062870394 0.6760828625235404
0.6987448334693909 0.9840247358928111 0.7382297551789078 0.9621231641329554 0.6854990583804144
