0.9999711513519287 0.5171898355754858 0.7982421094686376 0.4125560538116592 0.7818617658809429
0.999951958656311 0.5351270553064275 0.6336396324410707 0.4155455904334828 0.6160607271274471
0.9999393224716187 0.5650224215246636 0.7147423092289253 0.3961136023916293 0.6987614862165401
0.999638557434082 0.7234678624813154 0.16540151817818619 0.6547085201793722 0.1518178186176588
0.999579131603241 0.804185351270553 0.22213343987215342 0.7219730941704036 0.20815021973631642
0.9995208978652954 0.5291479820627802 0.46823811426288453 0.3841554559043348 0.452656811825809
0.9993938207626343 0.5306427503736921 0.8769476628046344 0.3976083707025411 0.863363963244107
0.9992502331733704 0.5097159940209267 0.303236116660008 0.37668161434977576 0.2876548142229325
0.9992411136627197 0.7982062780269058 0.7554934079105073 0.7249626307922272 0.7379145025968837
0.9990646243095398 0.5605381165919282 0.22293248102277266 0.414050822122571 0.2105473431881742
0.9987244009971619 0.8116591928251121 0.8725529364762286 0.7219730941704036 0.8565721134638434
0.9984461665153503 0.5560538116591929 0.5461446264482621 0.4110612855007474 0.5329604474630444
0.9982905983924866 0.5112107623318386 0.9408709548541749 0.40956651718983555 0.9288853375948861
0.9973030090332031 0.8011958146487295 0.26807830603276067 0.7458893871449925 0.2568917299240911
0.9972260594367981 0.5261584454409567 0.3899320815021974 0.3931240657698057 0.3723531761885737
0.9965968728065491 0.5276532137518685 0.1374350779065122 0.40956651718983555 0.12425089892129444
0.9965612292289734 0.8116591928251121 0.05593288054334798 0.7144992526158446 0.041550139832201356
0.9962475895881653 0.8086696562032885 0.7147423092289253 0.726457399103139 0.6951658010387535
0.989837110042572 0.312406576980568 0.05713144226927687 0.24962630792227206 0.043547742708749504
0.9894005656242371 0.8236173393124065 0.46584099081102676 0.7279521674140508 0.45065920894926087
0.9818689227104187 0.8131539611360239 0.6336396324410707 0.7309417040358744 0.6180583300039952
0.9571170210838318 0.8086696562032885 0.10707151418298043 0.7443946188340808 0.09588493807431082
0.9503178596496582 0.8385650224215246 0.8238114262884538 0.7458893871449925 0.7970435477427088
0.9073830246925354 0.5261584454409567 0.019176987614862164 0.42750373692077726 0.007191370355573312
0.8650652766227722 0.890881913303438 0.2536955653216141 0.8430493273542601 0.2413104274870156
