0.9999958276748657 0.18383782282699251 0.5810185185185185 0.16800888642043876 0.4756944444444444
0.9999897480010986 0.03221327409053041 0.5648148148148148 0.013885031935573451 0.4699074074074074
0.9999884366989136 0.8700361010830325 0.5706018518518519 0.8494862538183838 0.4675925925925926
0.9999867677688599 0.2610386003887809 0.5578703703703703 0.2413218550402666 0.47337962962962965
0.9999865293502808 0.10913635101360733 0.6226851851851852 0.09080810885865037 0.4525462962962963
0.999972939491272 0.059427936684254376 0.1099537037037037 0.03193557345181894 0.04976851851851852
0.9999576807022095 0.7161899472368787 0.5740740740740741 0.7020272146625938 0.44328703703703703
0.9999207258224487 0.9155790058317134 0.4895833333333333 0.8997500694251597 0.3726851851851852
0.9998101592063904 0.3532352124409886 0.41782407407407407 0.3371285753957234 0.33796296296296297
0.9997943043708801 0.6587059150236045 0.4363425925925926 0.6445431824493196 0.2986111111111111
0.9991488456726074 0.11552346570397112 0.3125 0.09719522354901416 0.24768518518518517
0.9982509016990662 0.8025548458761456 0.40046296296296297 0.7878367120244376 0.3402777777777778
0.9974501729011536 0.7917245209663982 0.5844907407407407 0.7758955845598445 0.42476851851851855
0.9965012073516846 0.8844765342960289 0.10416666666666667 0.865592890863649 0.020833333333333332
0.9950163960456848 0.1560677589558456 0.3784722222222222 0.1363510136073313 0.31828703703703703
0.9858741760253906 0.8803110247153568 0.3055555555555556 0.8642043876700917 0.25925925925925924
0.9768028259277344 0.21716189947236877 0.19212962962962962 0.20438767009164122 0.14930555555555555
0.9566743969917297 0.21632879755623438 0.2881944444444444 0.2052207720077756 0.2511574074074074
0.9007341265678406 0.19244654262704805 0.30092592592592593 0.17856151069147458 0.26273148148148145
0.8880487680435181 0.9933351846709247 0.5798611111111112 0.9652874201610664 0.46296296296296297
0.8555635213851929 0.18439322410441544 0.18981481481481483 0.17356289919466814 0.14814814814814814
