0.9999768733978271 0.750232991612302 0.5949519230769231 0.6337371854613234 0.5829326923076923
0.9999740123748779 0.6104380242311277 0.46474358974358976 0.5610438024231128 0.4499198717948718
0.9999722242355347 0.608574091332712 0.9415064102564102 0.5629077353215284 0.9242788461538461
0.9999566078186035 0.6020503261882573 0.30088141025641024 0.5601118359739049 0.2824519230769231
0.9999333620071411 0.320596458527493 0.05368589743589743 0.2712022367194781 0.039663461538461536
0.999796450138092 0.6048462255358807 0.13541666666666666 0.5601118359739049 0.12219551282051282
0.9997830986976624 0.6057781919850885 0.859375 0.5601118359739049 0.8425480769230769
0.9997397065162659 0.7483690587138863 0.9963942307692307 0.6477166821994408 0.9831730769230769
0.9997268319129944 0.451071761416589 0.7043269230769231 0.4212488350419385 0.6947115384615384
0.9994557499885559 0.6057781919850885 0.6967147435897436 0.5638397017707363 0.6794871794871795
0.9994080066680908 0.8303821062441752 0.7904647435897436 0.7744641192917054 0.7736378205128205
0.9988844990730286 0.6029822926374651 0.013621794871794872 0.5191053122087604 0.0008012820512820513
0.9986361861228943 0.7996272134203168 0.4623397435897436 0.750232991612302 0.44751602564102566
0.9982389211654663 0.38397017707362535 0.703926282051282 0.3466915191053122 0.6895032051282052
0.99803227186203 0.7996272134203168 0.5484775641025641 0.7530288909599254 0.5336538461538461
0.9979138970375061 0.3895619757688723 0.8701923076923077 0.34762348555452005 0.8537660256410257
0.9970582723617554 0.7977632805219013 0.6282051282051282 0.7558247903075489 0.6133814102564102
0.9970213770866394 0.5535880708294502 0.8693910256410257 0.5116495806150979 0.8557692307692307
0.996659517288208 0.8024231127679403 0.29927884615384615 0.7511649580615097 0.28205128205128205
0.9956454038619995 0.5032618825722274 0.054086538461538464 0.4547996272134203 0.036057692307692304
0.9933915138244629 0.7996272134203168 0.8673878205128205 0.7567567567567568 0.8557692307692307
0.9928905963897705 0.45200372786579684 0.8717948717948718 0.42590866728797766 0.858573717948718
0.9918345212936401 0.38676607642124883 0.7992788461538461 0.34762348555452005 0.7840544871794872
0.9918060302734375 0.5526561043802423 0.703926282051282 0.5135135135135135 0.6879006410256411
0.9800856709480286 0.7968313140726934 0.6879006410256411 0.7511649580615097 0.6738782051282052
0.9567883014678955 0.45200372786579684 0.6298076923076923 0.42590866728797766 0.6193910256410257
0.9514513611793518 0.44920782851817337 0.7936698717948718 0.4249767008387698 0.7852564102564102
0.9324964880943298 0.8070829450139795 0.13581730769230768 0.7483690587138863 0.11979166666666667
0.9298935532569885 0.5228331780055918 0.6302083333333334 0.49487418452935694 0.6193910256410257
0.9282651543617249 0.7958993476234856 0.7263621794871795 0.7493010251630942 0.7107371794871795
0.9272413849830627 0.5983224603914259 0.6310096153846154 0.5629077353215284 0.6173878205128205
0.9232728481292725 0.5237651444547996 0.7992788461538461 0.4939422180801491 0.7852564102564102
0.9214442372322083 0.8378378378378378 0.8149038461538461 0.744641192917055 0.8032852564102564
0.906378448009491 0.5945945945945946 0.7948717948717948 0.5657036346691519 0.7824519230769231
0.88090980052948 0.4547996272134203 0.7311698717948718 0.4249767008387698 0.7135416666666666
0.8783759474754333 0.5452003727865797 0.7203525641025641 0.5097856477166822 0.703125
0.8183540105819702 0.5023299161230196 0.7632211538461539 0.46971109040074555 0.7524038461538461
0.7680163383483887 0.3811742777260019 0.6354166666666666 0.34855545200372784 0.6201923076923077
0.5409018397331238 0.45293569431500463 0.8950320512820513 0.42218080149114634 0.8810096153846154
0.5373238325119019 0.8136067101584343 0.9487179487179487 0.7455731593662628 0.9242788461538461
