0.9999963045120239 0.583610188261351 0.3712574850299401 0.5653377630121816 0.2634730538922156
0.9999959468841553 0.2616279069767442 0.5712574850299401 0.24529346622369877 0.45269461077844314
0.9999954700469971 0.1110188261351052 0.5508982035928144 0.09330011074197121 0.4550898203592814
0.9999948740005493 0.7918050941306756 0.5520958083832336 0.7751937984496124 0.4538922155688623
0.9999336004257202 0.7142857142857143 0.5976047904191617 0.6940753045404208 0.4694610778443114
0.9999194145202637 0.4332779623477298 0.38323353293413176 0.41888150609080843 0.26467065868263473
0.9998409748077393 0.8701550387596899 0.5880239520958084 0.8449612403100775 0.45748502994011975
0.9997413754463196 0.03183831672203765 0.6047904191616766 0.013565891472868217 0.4239520958083832
0.999680757522583 0.6614064230343301 0.4119760479041916 0.6447951273532669 0.23592814371257484
0.9996113181114197 0.1893687707641196 0.6107784431137725 0.16638981173864895 0.4562874251497006
0.9995525479316711 0.9161129568106312 0.46467065868263474 0.9003322259136213 0.32335329341317365
0.9995018243789673 0.5055370985603543 0.4215568862275449 0.48864894795127356 0.24790419161676647
0.9986704587936401 0.11710963455149502 0.2838323353293413 0.0991140642303433 0.23353293413173654
0.9954350590705872 0.05564784053156146 0.08383233532934131 0.036544850498338874 0.008383233532934131
0.9901418089866638 0.19296788482834995 0.26706586826347306 0.18133997785160577 0.2251497005988024
0.9849027991294861 0.8790143964562569 0.28502994011976046 0.8668327796234773 0.2155688622754491
0.8909922242164612 0.16140642303433 0.3592814371257485 0.13732004429678848 0.2946107784431138
0.8472569584846497 0.8992248062015504 0.1592814371257485 0.8859357696566998 0.10778443113772455
0.8173332810401917 0.21954595791805095 0.26107784431137726 0.205703211517165 0.2179640718562874
0.6777091026306152 0.21843853820598005 0.162874251497006 0.20736434108527133 0.12455089820359282
0.581340491771698 0.18549280177187155 0.1688622754491018 0.17552602436323367 0.12574850299401197
0.5664618611335754 0.8795681063122923 0.9544910179640719 0.8640642303433002 0.918562874251497
0.5146373510360718 0.9014396456256921 0.2682634730538922 0.8862126245847176 0.20718562874251498
