0.9999779462814331 0.3557531962201223 0.6566099835436094 0.3368538076709283 0.6149204607789358
0.99994957447052 0.23429683157309616 0.5348326933625891 0.2103946637020567 0.5123422929237521
0.9999421834945679 0.12701500833796553 0.6922654964344487 0.10950528071150639 0.6708721886999451
0.9999399185180664 0.9180100055586436 0.6374108612177729 0.8988326848249028 0.5825562260010971
0.9999322891235352 0.10700389105058365 0.6308283049917718 0.08337965536409116 0.5935271530444323
0.9999184608459473 0.735964424680378 0.691716950082282 0.7181767648693719 0.6648381788261108
0.9998611211776733 0.5828237909949973 0.7010422380691168 0.5642023346303502 0.6725178277564454
0.999792754650116 0.433852140077821 0.7004936917169501 0.4121734296831573 0.6719692814042787
0.9995157718658447 0.8852140077821011 0.8096544157981349 0.8760422456920511 0.7899067471201316
0.9987554550170898 0.8849360755975542 0.761930883159627 0.8765981100611451 0.7361492046077893
0.9821929931640625 0.26903835464146747 0.37849698299506307 0.2526403557531962 0.3609434997257268
0.9469653367996216 0.8852140077821011 0.857377948436643 0.8749305169538633 0.834339001645639
0.9452032446861267 0.868260144524736 0.7531541415249589 0.8515842134519177 0.7207899067471202
0.9390772581100464 0.9919399666481379 0.7761930883159627 0.962201222901612 0.7174986286341196
0.9236278533935547 0.8882712618121178 0.7125617114646188 0.8790994997220678 0.689522764673615
0.8657971620559692 0.9074485825458588 0.8074602303894679 0.8974430239021679 0.7926494788809655
0.8347858786582947 0.34574763757643134 0.8085573230938015 0.33435241801000554 0.7794843664289632
0.8280156254768372 0.971372984991662 0.9769610532089962 0.9491384102279043 0.9243006034009874
0.7384477257728577 0.9096720400222346 0.7569939659901261 0.8974430239021679 0.7427317608337904
0.6561656594276428 0.8688160088938299 0.7065277015907844 0.8540856031128404 0.68019747668678
0.5426386594772339 0.12618121178432462 0.5507405375754251 0.11145080600333519 0.5249588590235875
