0.9999866485595703 0.6597938144329897 0.9928486293206198 0.5552282768777614 0.977751291219706
0.9999545812606812 0.5625920471281296 0.38180373460468814 0.39764359351988215 0.3643226062773143
0.9999232292175293 0.7952871870397643 0.2173222089789432 0.7304860088365243 0.20103297576479937
0.9998778104782104 0.801178203240059 0.7052046086611045 0.7349042709867453 0.690901867302344
0.9997989535331726 0.5817378497790869 0.13587604290822408 0.422680412371134 0.11680572109654351
0.9996539354324341 0.8100147275405007 0.8669050456893127 0.7334315169366715 0.8478347238776321
0.9995474219322205 0.5920471281296024 0.29717918156535555 0.4167893961708395 0.2852602304330552
0.9992514252662659 0.5257731958762887 0.2173222089789432 0.4050073637702504 0.20103297576479937
0.9992142915725708 0.5670103092783505 0.9356376638855781 0.49337260677466865 0.9201430274135876
0.9990730285644531 0.5198821796759941 0.6249503377036154 0.4270986745213549 0.611839491458085
0.9990299940109253 0.5331369661266568 0.5435041716328963 0.40353460972017674 0.5311879221295193
0.9989645481109619 0.3181148748159057 0.05323798172427493 0.25625920471281294 0.03933253873659118
0.9988157749176025 0.8159057437407953 0.05323798172427493 0.7245949926362297 0.04052443384982122
0.9987519979476929 0.8070692194403535 0.745331744139849 0.7319587628865979 0.7302344060389352
0.9986740350723267 0.5817378497790869 0.4576877234803337 0.4182621502209131 0.4433849821215733
0.9979832172393799 0.7231222385861561 0.15891934843067143 0.6553755522827688 0.14421930870083433
0.9914090037345886 0.8100147275405007 0.6225665474771553 0.7290132547864506 0.6082638061183949
0.9901774525642395 0.5287187039764359 0.013905442987683751 0.43151693667157587 0.0007945967421533572
0.9628363847732544 0.8527245949926362 0.8112832737385777 0.7511045655375552 0.7747318235995232
0.8515395522117615 0.8969072164948454 0.08978943186332936 0.8291605301914581 0.07747318235995232
0.8484005331993103 0.9027982326951399 0.25148986889153757 0.845360824742268 0.24036551450139054
0.5964165925979614 0.8615611192930781 0.32936034962256655 0.7879234167893961 0.3182359952324195
