0.9999792575836182 0.5186846038863976 0.73767258382643 0.3811659192825112 0.7207100591715976
0.9999573230743408 0.4828101644245142 0.4138067061143984 0.38714499252615847 0.39684418145956607
0.99992835521698 0.5276532137518685 0.2504930966469428 0.4304932735426009 0.23471400394477318
0.9999129772186279 0.2526158445440957 0.013806706114398421 0.15396113602391628 0.0
0.9999116659164429 0.5007473841554559 0.5759368836291914 0.3841554559043348 0.5613412228796845
0.9998138546943665 0.5336322869955157 0.17120315581854043 0.4155455904334828 0.15463510848126233
0.9995889067649841 0.5186846038863976 0.4844181459566075 0.4469357249626308 0.4710059171597633
0.9993636012077332 0.46038863976083705 0.8118343195266272 0.3796711509715994 0.7992110453648915
0.9990013241767883 0.47533632286995514 0.6552268244575937 0.4020926756352765 0.6422090729783038
0.9989253878593445 0.6696562032884903 0.9431952662721893 0.5979073243647235 0.9305719921104536
0.9987882971763611 0.3004484304932735 0.908086785009862 0.24813153961136025 0.8923076923076924
0.9985866546630859 0.2929745889387145 0.8122287968441815 0.23617339312406577 0.8003944773175542
0.9984259605407715 0.7458893871449925 0.168836291913215 0.5874439461883408 0.15502958579881657
0.9984246492385864 0.4110612855007474 0.87534516765286 0.351270553064275 0.8615384615384616
0.998289167881012 0.7324364723467862 0.9001972386587771 0.6457399103139013 0.8852071005917159
0.9978188276290894 0.7324364723467862 0.7763313609467456 0.6591928251121076 0.7597633136094675
0.9969108700752258 0.6098654708520179 0.11913214990138067 0.5291479820627802 0.10690335305719921
0.9966740608215332 0.7159940209267563 0.717948717948718 0.6098654708520179 0.7013806706114398
0.9964714050292969 0.7384155455904334 0.08481262327416174 0.6083707025411061 0.07297830374753451
0.9961665272712708 0.7085201793721974 0.5735700197238659 0.5919282511210763 0.5593688362919133
0.9956148862838745 0.6681614349775785 0.48678500986193296 0.6023916292974589 0.4729783037475345
0.9952854514122009 0.6636771300448431 0.6568047337278107 0.6083707025411061 0.639447731755424
0.9949511289596558 0.6651718983557549 0.25167652859960554 0.5904334828101644 0.2319526627218935
0.9945757389068604 0.5336322869955157 0.32938856015779094 0.4678624813153961 0.3155818540433925
0.9875081181526184 0.6636771300448431 0.32978303747534515 0.593423019431988 0.316370808678501
0.9851454496383667 0.4633781763826607 0.9025641025641026 0.3961136023916293 0.8856015779092702
0.9580004215240479 0.2765321375186846 0.8690335305719921 0.2227204783258595 0.8591715976331361
0.8975853323936462 0.47085201793721976 0.3301775147928994 0.40358744394618834 0.31597633136094677
0.8729023337364197 0.4678624813153961 0.9463510848126233 0.39162929745889385 0.9313609467455621
0.5405924916267395 0.5575485799701047 0.6575936883629191 0.47384155455904337 0.6343195266272189
