0.9999487400054932 0.11720904578047435 0.3494263862332696 0.08935466078323222 0.3107074569789675
0.999906063079834 0.7763375620518478 0.1381453154875717 0.7553778268063982 0.10994263862332695
0.9998762607574463 0.8204633204633205 0.641491395793499 0.8036403750689465 0.6061185468451242
0.9997430443763733 0.8229453943739659 0.5893881453154876 0.8047435190292334 0.5583173996175909
0.9992700219154358 0.8574186431329288 0.5501912045889101 0.827357970215113 0.5200764818355641
0.9934048056602478 0.035024820739106455 0.5210325047801148 0.0 0.48565965583174
0.9904214143753052 0.05570876999448428 0.3494263862332696 0.02702702702702703 0.3173996175908222
0.9477749466896057 0.10700496414782129 0.4765774378585086 0.08025372311086597 0.4474187380497132
0.8511393070220947 0.16822945394373967 0.994263862332696 0.1337562051847766 0.9517208413001912
0.802759051322937 0.7402095973524545 0.044933078393881457 0.6933259790402647 0.0009560229445506692
0.7758128046989441 0.9528405956977386 0.984225621414914 0.9376723662437948 0.9665391969407265
0.7722587585449219 0.10948703805846663 0.5530592734225621 0.08025372311086597 0.5195984703632888
0.5752353072166443 0.8695532266960838 0.37141491395793497 0.8552123552123552 0.361376673040153
0.5487269163131714 0.0697738554881412 0.4904397705544933 0.06232763375620518 0.47179732313575523
0.5274153351783752 0.06674020959735245 0.4837476099426386 0.04329840044125759 0.44933078393881454
