0.9999849796295166 0.5980582524271845 0.787445371473977 0.541747572815534 0.7747318235995232
0.9999785423278809 0.5902912621359223 0.6241557409614621 0.5436893203883495 0.610647596344855
0.9999772310256958 0.7106796116504854 0.990067540723083 0.6223300970873786 0.9757647993643226
0.9999479055404663 0.596116504854369 0.46245530393325385 0.5475728155339806 0.4453714739769567
0.9999440908432007 0.5902912621359223 0.29996027016289234 0.5563106796116505 0.28287644020659514
0.9999284744262695 0.7398058252427184 0.16090584028605484 0.6941747572815534 0.1462058005562177
0.999923825263977 0.5922330097087378 0.9356376638855781 0.5466019417475728 0.9185538339292809
0.9998809099197388 0.974757281553398 0.8700834326579261 0.9019417475728155 0.8335319825188717
0.9998393058776855 0.7262135922330097 0.8943186332936035 0.6320388349514563 0.8780294000794596
0.9997914433479309 0.7922330097087379 0.7473182359952324 0.7398058252427184 0.7334127930075487
0.9995757937431335 0.2912621359223301 0.052840683353198255 0.2446601941747573 0.038935240365514504
0.9995388984680176 0.7922330097087379 0.7048073102900279 0.7427184466019418 0.6865315852205006
0.9994820952415466 0.7883495145631068 0.2173222089789432 0.7504854368932039 0.2018275725069527
0.9991362690925598 0.12233009708737864 0.08621374652363925 0.05631067961165048 0.05681366706396504
0.9983223080635071 0.6184466019417476 0.018275725069527213 0.5495145631067961 0.001986491855383393
0.9970300197601318 0.47378640776699027 0.052046086611044894 0.42815533980582526 0.038935240365514504
0.9964631199836731 0.5951456310679611 0.14064362336114422 0.5475728155339806 0.11998410806515693
0.9963359832763672 0.8378640776699029 0.8104886769964244 0.7699029126213592 0.7965832340087405
0.9873487949371338 0.7932038834951456 0.6229638458482321 0.7407766990291262 0.609455701231625
0.9650666117668152 0.8097087378640777 0.8748510131108462 0.7466019417475728 0.8347238776321018
0.9363263845443726 0.8621359223300971 0.25029797377830754 0.8184466019417476 0.23718712753277713
0.9349617958068848 0.8572815533980582 0.12594358363130712 0.8203883495145631 0.11124354390147001
0.9178638458251953 0.8135922330097087 0.7862534763607469 0.7660194174757281 0.7743345252284466
0.81711745262146 0.6 0.7945967421533572 0.5339805825242718 0.7870480731029003
0.6394112706184387 0.8223300970873786 0.3297576479936432 0.7757281553398059 0.3174413984902662
0.5738850235939026 0.8543689320388349 0.28406833531982517 0.8135922330097087 0.27056019070321813
