0.9999850988388062 0.5823382393779506 0.35924617196702 0.5673424048875313 0.24381625441696114
0.9999805688858032 0.25965009719522353 0.5653710247349824 0.242154956956401 0.4617196702002356
0.9999176263809204 0.4329352957511802 0.3674911660777385 0.4162732574284921 0.22143698468786807
0.9999170303344727 0.9688975284643154 0.9752650176678446 0.9447375728964177 0.9210836277974087
0.9999005794525146 0.5070813662871425 0.2956419316843345 0.49208553179672315 0.232037691401649
0.99986732006073 0.7961677311857818 0.5606595995288575 0.7745070813662871 0.4876325088339223
0.9998341798782349 0.1818939183560122 0.525323910482921 0.16689808386559288 0.42638398115429915
0.9998185038566589 0.7178561510691475 0.5453474676089517 0.6970286031657873 0.4746760895170789
0.9998039603233337 0.03165787281310747 0.541813898704358 0.014995834490419328 0.4628975265017668
0.9997997879981995 0.8700361010830325 0.5559481743227326 0.8530963621216329 0.48998822143698467
0.9997952580451965 0.914745903915579 0.4216725559481743 0.8991946681477367 0.32744405182567726
0.9997789263725281 0.6609275201332963 0.4016489988221437 0.6425992779783394 0.26501766784452296
0.9997782111167908 0.10969175229103027 0.5842167255594818 0.08997500694251596 0.46996466431095407
0.9989134073257446 0.062760344348792 0.06831566548881036 0.03415717856151069 0.001177856301531213
0.9985309839248657 0.11524576506525964 0.26501766784452296 0.09969452929741739 0.20730270906949352
0.9966763257980347 0.8697584004443211 0.27326266195524146 0.8494862538183838 0.20730270906949352
0.996641993522644 0.1921688419883366 0.2591283863368669 0.17883921133018607 0.22143698468786807
0.98015296459198 0.1866148292141072 0.14723203769140164 0.17495140238822549 0.11425206124852769
0.957963764667511 0.21771730074979173 0.14840989399293286 0.20660927520133296 0.1154299175500589
0.9526602625846863 0.1560677589558456 0.33451118963486454 0.13746181616217718 0.28150765606595995
0.8712329268455505 0.8811441266314912 0.9375736160188457 0.865592890863649 0.8963486454652533
0.7522532939910889 0.2179950013885032 0.2508833922261484 0.20549847264648707 0.21083627797408716
0.6869417428970337 0.9919466814773674 0.5500588928150766 0.9641766176062205 0.3957597173144876
0.5901626348495483 0.5662316023326853 0.6054181389870436 0.5554012774229381 0.5477031802120141
