0.9999961853027344 0.508347245409015 0.41129943502824856 0.48803561491374514 0.319774011299435
0.9999805688858032 0.5840289371174179 0.4090395480225989 0.5681691708402894 0.31751412429378534
0.9999740123748779 0.15664997217584864 0.6485875706214689 0.14301613800779076 0.5988700564971752
0.9999736547470093 0.18586533110740122 0.584180790960452 0.16388425153032832 0.4429378531073446
0.9999685287475586 0.7662771285475793 0.4 0.7512520868113522 0.33785310734463275
0.999931812286377 0.2626599888703395 0.584180790960452 0.24123539232053423 0.5050847457627119
0.9999285936355591 0.033667223149693934 0.5661016949152542 0.015859766277128547 0.4576271186440678
0.999914288520813 0.8722871452420701 0.5819209039548022 0.8480801335559266 0.43728813559322033
0.9999115467071533 0.10879243183082916 0.6112994350282486 0.0895937673900946 0.49265536723163844
0.9998873472213745 0.4301613800779076 0.4124293785310734 0.41457985531441294 0.26666666666666666
0.9997836947441101 0.7136894824707847 0.5774011299435028 0.6978297161936561 0.47796610169491527
0.9997598528862 0.9145798553144129 0.4994350282485876 0.9015025041736227 0.3581920903954802
0.9996978044509888 0.6616583194212576 0.3954802259887006 0.6413466889259878 0.29717514124293787
0.9996426105499268 0.08180300500834725 0.6508474576271186 0.06455203116304953 0.5954802259887005
0.9994469285011292 0.06260434056761269 0.10282485875706214 0.02949360044518642 0.0519774011299435
0.9994128942489624 0.7932665553700612 0.5751412429378531 0.7754590984974958 0.4915254237288136
0.9993768334388733 0.11491374513077351 0.3107344632768362 0.09738452977184196 0.24745762711864408
0.9991874098777771 0.837228714524207 0.6903954802259887 0.825542570951586 0.6338983050847458
0.9926421046257019 0.21480244852532 0.19548022598870057 0.2036727879799666 0.16045197740112993
0.9901250600814819 0.8842515303283249 0.11864406779661017 0.8614357262103506 0.013559322033898305
0.9882315993309021 0.18419588202559822 0.1977401129943503 0.17278797996661102 0.16045197740112993
0.9832057356834412 0.21675013912075683 0.2903954802259887 0.20589872008903728 0.2542372881355932
0.8969472050666809 0.9827490261547023 0.5638418079096045 0.9621591541457986 0.4576271186440678
0.8653185963630676 0.8850862548692265 0.3107344632768362 0.8589315525876461 0.24519774011299436
0.8500432968139648 0.15609348914858096 0.37175141242937854 0.1352253756260434 0.3310734463276836
0.7783246040344238 0.19365609348914858 0.303954802259887 0.17696160267111852 0.2576271186440678
0.6212888360023499 0.567056204785754 0.6463276836158192 0.5564830272676683 0.5740112994350283
