0.9999619722366333 0.8166491043203372 0.35146804835924006 0.761854583772392 0.3408175014392631
0.9999610185623169 0.8883034773445733 0.5089234312032239 0.7671232876712328 0.4962579159470351
0.9999376535415649 0.6280295047418335 0.38082901554404147 0.58377239199157 0.3701784686240645
0.9998342990875244 0.6037934668071654 0.29217040875071965 0.5342465753424658 0.2708693149107657
0.9998076558113098 0.7365648050579557 0.44530800230282097 0.6638566912539515 0.4280368451352907
0.9997913241386414 0.7112750263435195 0.9202648244099021 0.642781875658588 0.9061600460564191
0.9997106194496155 0.8387776606954689 0.48704663212435234 0.7460484720758693 0.4712147380541163
0.9997000694274902 0.9125395152792413 0.6787564766839378 0.8408851422550052 0.6611974668969488
0.9996941089630127 0.4910432033719705 0.9263097294185377 0.4267650158061117 0.909902130109384
0.9996728897094727 0.815595363540569 0.639608520437536 0.7502634351949421 0.6237766263672999
0.9995902180671692 0.34351949420442573 0.3805411629245826 0.28240252897787144 0.3644214162348877
0.9995092153549194 0.9989462592202318 0.3503166378814047 0.9420442571127503 0.33649971214738056
0.9988203644752502 0.8819810326659642 0.30166954519286127 0.7650158061116965 0.2890040299366724
0.9988124370574951 0.20969441517386722 0.49798503166378816 0.12644889357218125 0.473517559009787
0.9987959861755371 0.4183350895679663 0.9738054116292458 0.3530031612223393 0.9542314335060449
0.998233437538147 0.7218124341412012 0.3845710995970063 0.6691253951527925 0.372769142199194
0.9981112480163574 0.35721812434141204 0.3347725964306275 0.3076923076923077 0.321531375935521
0.9974225759506226 0.7323498419388831 0.6764536557282671 0.6575342465753424 0.6623488773747841
0.9963889122009277 0.3624868282402529 0.2895797351755901 0.2623814541622761 0.26050662061024754
0.995275616645813 0.8872497365648051 0.7003454231433506 0.7671232876712328 0.6842256764536557
0.9948447942733765 0.6469968387776607 0.40558434081750144 0.6174920969441517 0.399251583189407
0.9593155384063721 0.32982086406743943 0.4925158318940702 0.25395152792413067 0.4784110535405872
0.9517001509666443 0.21180189673340358 0.8042602187679908 0.14120126448893572 0.7795048934945308
0.9281859993934631 0.4594309799789252 0.2795048934945308 0.4246575342465753 0.2630972941853771
0.913368284702301 0.8904109589041096 0.9015544041450777 0.8429926238145417 0.8828439838802533
0.9032357931137085 0.7154899894625922 0.6188831318364997 0.678609062170706 0.6085204375359816
0.8062211275100708 0.45732349841938885 0.3770869314910766 0.4130663856691254 0.3696027633851468
0.7951531410217285 0.6090621707060063 0.3376511226252159 0.5216016859852476 0.3082901554404145
0.7835506200790405 0.6628029504741834 0.8883131836499712 0.6048472075869337 0.8598157743235464
0.7532572150230408 0.7154899894625922 0.5998848589522164 0.672286617492097 0.5903857225100748
0.5337563753128052 0.6322444678609063 0.5998848589522164 0.5900948366701791 0.5892343120322395
