0.9999455213546753 0.8488467874794069 0.35777126099706746 0.8408154859967051 0.2991202346041056
0.9984980821609497 0.9579901153212521 0.5953079178885631 0.9491350906095551 0.5395894428152492
0.9891378283500671 0.34822899505766064 0.12023460410557185 0.33772652388797364 0.0689149560117302
0.9887423515319824 0.4182454695222405 0.5117302052785924 0.4102141680395387 0.4633431085043988
0.977974534034729 0.9876441515650741 0.28152492668621704 0.9602553542009885 0.14222873900293256
0.9721221327781677 0.9192751235584844 0.32111436950146627 0.9124794069192751 0.2668621700879765
0.959388256072998 0.04015650741350906 0.4090909090909091 0.03459637561779242 0.3651026392961877
0.9384769201278687 0.8640856672158155 0.5527859237536656 0.8546128500823723 0.5102639296187683
0.9314380288124084 0.45325370675453047 0.2536656891495601 0.4460461285008237 0.2155425219941349
0.9073919653892517 0.7364085667215815 0.2595307917888563 0.7292009884678748 0.21114369501466276
0.901789665222168 0.7088138385502472 0.24780058651026393 0.7003706754530478 0.20821114369501467
0.88763427734375 0.38344316309719934 0.23607038123167157 0.37602965403624383 0.17155425219941348
0.864472508430481 0.8572899505766063 0.19941348973607037 0.8492586490939045 0.15542521994134897
0.8547139763832092 0.5951400329489291 0.2595307917888563 0.5881383855024712 0.20967741935483872
0.849901020526886 0.9260708401976936 0.2375366568914956 0.9194810543657331 0.1906158357771261
0.849001944065094 0.40238879736408567 0.4178885630498534 0.39724052718286657 0.375366568914956
0.8463269472122192 0.4404859967051071 0.5161290322580645 0.43245469522240526 0.4750733137829912
0.8185870051383972 0.18183690280065898 0.501466275659824 0.17504118616144976 0.4574780058651026
0.7882158160209656 0.18945634266886327 0.44574780058651026 0.1828665568369028 0.40175953079178883
0.7693353295326233 0.471169686985173 0.2287390029325513 0.464168039538715 0.16422287390029325
0.7575717568397522 0.8519357495881383 0.48826979472140764 0.8420510708401977 0.45454545454545453
0.6170573234558105 0.8305189456342669 0.26832844574780057 0.8237232289950577 0.15395894428152493
0.6166234612464905 0.14456342668863262 0.46480938416422285 0.13591433278418452 0.42961876832844575
0.6079500317573547 0.5098846787479407 0.26099706744868034 0.5028830313014827 0.2126099706744868
0.567175030708313 0.02615321252059308 0.40175953079178883 0.018533772652388796 0.3680351906158358
0.5572049021720886 0.6793657331136738 0.25513196480938416 0.6733937397034596 0.21114369501466276
