0.9999926090240479 0.6556570625439213 0.19683120048750763 0.5945186226282502 0.1858622790981109
0.9999895095825195 0.39634574841883347 0.19500304692260817 0.3492621222768798 0.18190127970749542
0.9999755620956421 0.320449754040759 0.22608165752589884 0.2965565706254392 0.204448507007922
0.9999526739120483 0.7111735769501054 0.22730042656916513 0.6711173576950106 0.20871419865935406
0.9999151229858398 0.43851018973998596 0.4335770871419866 0.33661278988053406 0.4149908592321755
0.9997487664222717 0.3274771609276177 0.28244972577696525 0.2965565706254392 0.26508226691042047
0.9994035959243774 0.6802529866479269 0.43418647166361973 0.5741391426563598 0.4174283973187081
0.9983488321304321 0.5425158116654955 0.4347958561852529 0.45256500351370343 0.4174283973187081
0.9946469664573669 0.7048489107519326 0.27787934186471663 0.6753338018271258 0.2586837294332724
0.8938725590705872 0.5853829936753338 0.3290676416819013 0.5621925509486999 0.3117001828153565
0.8658702969551086 0.5790583274771609 0.32053625837903715 0.4947294448348559 0.2894576477757465
0.7926160097122192 0.3359100491918482 0.26416819012797077 0.29585382993675335 0.2498476538695917
0.6627078056335449 0.4968376669009136 0.30316879951249237 0.4174279690794097 0.2681291895185862
