0.9999866485595703 0.3099787685774947 0.3027838598686268 0.25902335456475584 0.2837034720050047
0.9999716281890869 0.7048832271762208 0.22896465436346575 0.6786978060863411 0.21050985298717548
0.9998940229415894 0.31493276716206653 0.10634970284641852 0.2774239207360226 0.07757272442915233
0.999841570854187 0.6716206652512385 0.19142946512355333 0.5824486907289455 0.17829214888958397
0.9998167157173157 0.686482661004954 0.4350954019393181 0.5555555555555556 0.41820456678135753
0.9994685053825378 0.4416135881104034 0.43540819518298407 0.3319179051663128 0.41914294651235534
0.9990849494934082 0.7077140835102619 0.30153268689396306 0.6709129511677282 0.28776978417266186
0.9987364411354065 0.43241330502477 0.19174225836721928 0.32767162066525124 0.17704097591492024
0.9983148574829102 0.5442321302193913 0.4350954019393181 0.4451521585279547 0.4178917735376916
0.9982427358627319 0.5421089879688605 0.1911166718798874 0.44232130219391363 0.17422583672192682
0.9933778643608093 0.28874734607218683 0.227713481388802 0.25619249823071477 0.21144823271817328
0.9553712010383606 0.5817409766454352 0.33343759774788867 0.49610757254069354 0.2862058179543322
0.7552942037582397 0.8336871903750884 0.8730059430716296 0.7975937721160651 0.8636221457616515
