0.9957992434501648 0.8267161410018553 0.9865715484683173 0.8037105751391466 0.966009232060428
0.9955477714538574 0.3146567717996289 0.882920688208141 0.29684601113172543 0.858581619806966
0.9952425956726074 0.15732838589981446 0.7477968946705833 0.1313543599257885 0.7226185480486781
0.9893407225608826 0.09573283858998145 0.8036088963491398 0.07606679035250463 0.7784305497272346
0.9868475794792175 0.822634508348794 0.2551405791019723 0.7725417439703154 0.18212337389844732
0.9851539731025696 0.10575139146567718 0.1800251783466219 0.04452690166975881 0.12085606378514478
0.9748992323875427 0.29684601113172543 0.8850188837599664 0.28126159554730984 0.8623583718002518
0.9723306894302368 0.5102040816326531 0.25094418799832147 0.46048237476808906 0.1917750734368443
0.9654664993286133 0.4096474953617811 0.22450692404532102 0.3747680890538033 0.1678556441460344
0.9430710077285767 0.19332096474953617 0.7918590012589173 0.17662337662337663 0.7759127150650441
0.9321268200874329 0.31280148423005566 0.780948384389425 0.2560296846011132 0.7150650440621066
0.9101723432540894 0.20111317254174396 0.26437263953000417 0.17068645640074212 0.24884599244649602
0.9019030332565308 0.40630797773654914 0.16701636592530425 0.3699443413729128 0.11078472513638271
0.8325833082199097 0.1510204081632653 0.6172891313470416 0.13766233766233765 0.6009232060428031
0.7221237421035767 0.17847866419294992 0.6181284095677717 0.16623376623376623 0.600083927822073
0.6942670345306396 0.7547309833024118 0.970625262274444 0.736178107606679 0.9576164498531263
0.6609025597572327 0.18330241187384044 0.19932857742341586 0.15695732838589982 0.18548048678136803
0.5811501145362854 0.05602968460111317 0.6462442299622325 0.03784786641929499 0.6240033571128829
0.5533292293548584 0.1313543599257885 0.751573646663869 0.09721706864564007 0.7272345782626941
0.5342162251472473 0.22448979591836735 0.6886277801091062 0.16474953617810761 0.5937893411665968
