0.9999762773513794 0.8185595567867036 0.5649031511997687 0.7382271468144044 0.5466897947383637
0.9999632835388184 0.9501385041551247 0.9710899103787222 0.8878116343490304 0.9485400404741254
0.9999094009399414 0.8462603878116344 0.7253541485978606 0.7313019390581718 0.7097427002023706
0.9999085664749146 0.5055401662049861 0.09800520381613183 0.4307479224376731 0.08846487424111014
0.9998871088027954 0.9113573407202216 0.263370916449841 0.8047091412742382 0.24544666088464875
0.9998817443847656 0.7008310249307479 0.09945070829719573 0.631578947368421 0.08730847065625903
0.9997928738594055 0.3850415512465374 0.26423821913847934 0.27977839335180055 0.2460248626770743
0.9997220635414124 0.8296398891966759 0.6426712922810061 0.7340720221606648 0.6267707429893032
0.9996992349624634 0.8268698060941828 0.4108123735183579 0.7271468144044322 0.3954900260190807
0.999683141708374 0.8199445983379502 0.8019658860942469 0.6121883656509696 0.7875108412836079
0.9995673298835754 0.7950138504155124 0.31743278404163056 0.7368421052631579 0.30124313385371493
0.9994669556617737 0.5346260387811634 0.29199190517490603 0.4473684210526316 0.27348944781728823
0.9991883635520935 0.07479224376731301 0.3527030933795895 0.0013850415512465374 0.3347788378143972
0.9991664886474609 0.7894736842105263 0.03006649320612894 0.7132963988919667 0.017635154668979473
0.998788058757782 0.817174515235457 0.46111592945938135 0.7437673130193906 0.4481063891298063
0.9981067180633545 0.4778393351800554 0.6420930904885805 0.3975069252077562 0.6308181555362822
0.9977744221687317 0.9570637119113573 0.8340560855738652 0.7257617728531855 0.8167100318010986
0.9946395754814148 0.7285318559556787 0.8577623590633131 0.6177285318559557 0.8430182133564614
0.9936057329177856 0.9487534626038782 0.43740965596993353 0.7950138504155124 0.4163052905464007
0.9783701300621033 0.31994459833795014 0.13356461405030357 0.23130193905817176 0.10985834056085574
0.9751151204109192 0.6952908587257618 0.3211910956923966 0.6024930747922438 0.30008673026886384
0.9634870886802673 0.6842105263157895 0.6267707429893032 0.628808864265928 0.6126047990748771
0.9406738877296448 0.7867036011080333 0.07921364556230125 0.7326869806094183 0.06764960971379011
0.9307306408882141 0.8199445983379502 0.854004047412547 0.7299168975069252 0.8378143972246314
0.8839300870895386 0.53601108033241 0.3368025440878867 0.4182825484764543 0.3070251517779705
0.8249971270561218 0.8033240997229917 0.9586585718415727 0.7382271468144044 0.9416016189650188
0.8122339248657227 0.18698060941828254 0.14108123735183578 0.060941828254847646 0.1237351835790691
0.7337015867233276 0.5692520775623269 0.6030644694998555 0.5207756232686981 0.5909222318589188
