0.9999364614486694 0.8552074513124471 0.4251207729468599 0.8473751058425063 0.3164251207729469
0.986318826675415 0.37849280270956814 0.21739130434782608 0.37044877222692635 0.09420289855072464
0.9857585430145264 0.4481371718882303 0.35507246376811596 0.4417866215071973 0.28743961352657005
0.9838395118713379 0.6519898391193903 0.27053140096618356 0.6460626587637596 0.1932367149758454
0.9751409292221069 0.6223539373412362 0.357487922705314 0.615580016934801 0.30434782608695654
0.9488943815231323 0.993649449618967 0.3140096618357488 0.985182049110923 0.16666666666666666
0.9474362134933472 0.00550381033022862 0.2318840579710145 0.0004233700254022015 0.1111111111111111
0.9469611644744873 0.5071972904318375 0.28743961352657005 0.49915325994919557 0.18357487922705315
0.9372791647911072 0.4187129551227773 0.26811594202898553 0.4106689246401355 0.1932367149758454
0.9356578588485718 0.5937764606265876 0.3695652173913043 0.5876375952582558 0.2777777777777778
0.9235522747039795 0.8966977138018628 0.2777777777777778 0.890770533446232 0.18357487922705315
0.9207539558410645 0.4189246401354784 0.3719806763285024 0.4123624047417443 0.2922705314009662
0.9160175323486328 0.5645639288738358 0.3647342995169082 0.5580016934801016 0.2898550724637681
0.9103531241416931 0.3685436071126164 0.057971014492753624 0.3562658763759526 0.0
0.9012003540992737 0.29678238780694327 0.642512077294686 0.28895004233700256 0.5700483091787439
0.8881909251213074 0.7385690093141406 0.35507246376811596 0.7332768839966131 0.2946859903381642
0.8880786299705505 0.955969517358171 0.45652173913043476 0.9483488569009314 0.27294685990338163
0.8719373941421509 0.5353513971210838 0.2777777777777778 0.5287891617273497 0.19806763285024154
0.8632369041442871 0.7389923793395428 0.27053140096618356 0.733065198983912 0.20048309178743962
0.8566224575042725 0.5639288738357324 0.2753623188405797 0.5580016934801016 0.19806763285024154
0.8390517830848694 0.768839966130398 0.35990338164251207 0.7620660457239627 0.28502415458937197
0.8243607878684998 0.02265029635901778 0.3743961352657005 0.01672311600338696 0.30434782608695654
0.8238213658332825 0.7106265876375952 0.3671497584541063 0.7025825571549534 0.2971014492753623
0.8001432418823242 0.28450465707027944 0.3695652173913043 0.2779424216765453 0.30193236714975846
0.7953726053237915 0.5349280270956817 0.35507246376811596 0.5285774767146486 0.28502415458937197
0.7660097479820251 0.4775613886536833 0.35990338164251207 0.470575783234547 0.2898550724637681
0.7602920532226562 0.8359441151566469 0.2753623188405797 0.8279000846740051 0.19082125603864733
0.7417158484458923 0.768839966130398 0.27294685990338163 0.7618543607112617 0.18840579710144928
0.7065160870552063 0.7974174428450466 0.3695652173913043 0.7902201524132092 0.2922705314009662
0.6895623803138733 0.05207451312447079 0.4082125603864734 0.04360711261642676 0.30917874396135264
0.6710979342460632 0.7974174428450466 0.27053140096618356 0.7908552074513124 0.19806763285024154
0.6674324870109558 0.16892464013547842 0.45893719806763283 0.1629974597798476 0.3285024154589372
0.6652875542640686 0.4472904318374259 0.27294685990338163 0.4422099915325995 0.2028985507246377
0.5867626070976257 0.30143945808636746 0.5048309178743962 0.283657917019475 0.39371980676328505
0.5741271376609802 0.5941998306519899 0.27053140096618356 0.5863674851820491 0.19806763285024154
0.5260301828384399 0.6223539373412362 0.27053140096618356 0.6153683319220999 0.20531400966183574
0.5087398290634155 0.1390770533446232 0.37922705314009664 0.1331498729889924 0.30434782608695654
0.503547191619873 0.6517781541066893 0.35507246376811596 0.6454276037256562 0.2971014492753623
