0.9999923706054688 0.8549222797927462 0.08213256484149856 0.7629533678756477 0.06368876080691642
0.9999902248382568 0.8782383419689119 0.6804034582132564 0.7694300518134715 0.6671469740634006
0.9999822378158569 0.6904145077720207 0.805763688760807 0.6049222797927462 0.7812680115273776
0.9999698400497437 0.805699481865285 0.9844380403458213 0.716321243523316 0.9706051873198848
0.9999663829803467 0.8808290155440415 0.4334293948126801 0.7357512953367875 0.4219020172910663
0.9999632835388184 0.6955958549222798 0.1319884726224784 0.5777202072538861 0.11325648414985591
0.9999608993530273 0.6645077720207254 0.4559077809798271 0.5803108808290155 0.4371757925072046
0.9999470710754395 0.7072538860103627 0.21152737752161382 0.5712435233160622 0.18559077809798272
0.9999300241470337 0.8044041450777202 0.3968299711815562 0.7046632124352331 0.37896253602305474
0.9999288320541382 0.7746113989637305 0.3138328530259366 0.7137305699481865 0.30028818443804034
0.999752938747406 0.6981865284974094 0.5680115273775216 0.5854922279792746 0.5504322766570605
0.9996862411499023 0.538860103626943 0.2922190201729107 0.42357512953367876 0.2737752161383285
0.9996216297149658 0.8626943005181347 0.2622478386167147 0.7681347150259067 0.24668587896253602
0.9991917014122009 0.31088082901554404 0.2855907780979827 0.22150259067357514 0.2642651296829971
0.9989835619926453 0.3911917098445596 0.05590778097982709 0.2707253886010363 0.03688760806916427
0.9980278611183167 0.8937823834196891 0.8602305475504323 0.7033678756476683 0.845821325648415
0.9926306009292603 0.9935233160621761 0.2818443804034582 0.9365284974093264 0.24956772334293947
0.9788436889648438 0.6658031088082902 0.31930835734870316 0.594559585492228 0.30028818443804034
0.9074247479438782 0.522020725388601 0.3337175792507205 0.4261658031088083 0.31239193083573485
0.803885281085968 0.8277202072538861 0.9161383285302593 0.7590673575129534 0.9002881844380404
