0.997747004032135 0.2013835511145273 0.26672653794342166 0.17217524980784013 0.24562191288729232
0.9961890578269958 0.09800153727901614 0.8486753480017961 0.07686395080707148 0.8127525819488101
0.9946228265762329 0.32436587240584164 0.9326448136506511 0.3074558032282859 0.9061517736865738
0.9943960905075073 0.11222136817832437 0.17916479568926807 0.05188316679477325 0.10237988325101033
0.9700432419776917 0.16487317448116834 0.7880556802873822 0.13604919292851653 0.7530309833857207
0.9569694995880127 0.5253651037663336 0.2617871576111361 0.4796310530361261 0.1760215536596318
0.9567390084266663 0.30707148347425056 0.9312977099236641 0.28747117601844735 0.9039066008082622
0.9531180262565613 0.8385857033051499 0.2577458464301751 0.7836279784780937 0.18051189941625506
0.9513590931892395 0.32436587240584164 0.820835204310732 0.2690238278247502 0.7373147732375392
0.9443287253379822 0.4142966948501153 0.15940727436012572 0.38047655649500384 0.09923664122137404
0.9337390661239624 0.12298232129131437 0.6403233048944769 0.10684089162182936 0.6228109564436461
0.9331567287445068 0.7647963105303612 0.5747642568477773 0.7509607993850884 0.5572519083969466
0.8163114190101624 0.19984627209838585 0.8289178266726538 0.18216756341275941 0.8136506511001347
0.8003067374229431 0.4208301306687164 0.23439604849573417 0.3739431206764028 0.15401885945217783
0.7349762916564941 0.47425057647963104 0.571621014818141 0.4504227517294389 0.5541086663673103
0.638544499874115 0.13297463489623368 0.7840143691064212 0.10184473481936972 0.756174225415357
0.530717670917511 0.1533435818601076 0.6421194431971262 0.14066102997694083 0.6232599910193085
0.5154503583908081 0.13028439661798616 0.7085765603951504 0.10491929285165258 0.6910642119443197
0.5077075958251953 0.3066871637202152 0.6385271665918276 0.2886241352805534 0.6246070947462955
