0.9999780654907227 0.8425302826379543 0.5662061024755325 0.7577388963660835 0.547783534830167
0.9999384880065918 0.9703903095558546 0.3454231433506045 0.8977119784656796 0.335636154289004
0.9999370574951172 0.7954239569313594 0.3140472078295912 0.7550471063257066 0.30397236614853196
0.9999144077301025 0.8358008075370121 0.6450777202072538 0.7456258411843876 0.6286701208981001
0.9998754262924194 0.9259757738896366 0.39090385722510074 0.775235531628533 0.3791018998272884
0.9998555183410645 0.8398384925975774 0.8572251007484168 0.7537012113055181 0.8405296488198043
0.9998319149017334 0.8869448183041723 0.2622337363270006 0.8169582772543742 0.24899251583189408
0.9997867941856384 0.8438761776581427 0.7253886010362695 0.7456258411843876 0.7086931491076569
0.9997389912605286 0.506056527590848 0.41450777202072536 0.4064602960969044 0.394070236039148
0.999679446220398 0.845222072678331 0.8016695451928613 0.756393001345895 0.7867012089810017
0.9995406866073608 0.23283983849259757 0.2645365572826713 0.12920592193808883 0.24611398963730569
0.9993144273757935 0.5679676985195155 0.2927461139896373 0.4616419919246299 0.27461139896373055
0.9992413520812988 0.7362045760430687 0.984168105929764 0.6541049798115747 0.973517559009787
0.998969554901123 0.7294751009421265 0.8031088082901554 0.6366083445491252 0.7852619458837076
0.9973604083061218 0.845222072678331 0.4867587795048935 0.7496635262449529 0.46459412780656306
0.9973198771476746 0.8183041722745625 0.9833045480713875 0.7442799461641992 0.9712147380541163
0.9956661462783813 0.7375504710632571 0.6427748992515832 0.6339165545087483 0.6260794473229706
0.9939779043197632 0.7510094212651414 0.41220495106505467 0.6635262449528937 0.39666090961427747
0.9904826879501343 0.7483176312247645 0.7222222222222222 0.6177658142664872 0.7092688543465746
0.9848964214324951 0.2072678331090175 0.3629821531375936 0.10767160161507403 0.3471502590673575
0.970064103603363 0.7254374158815612 0.858664363845711 0.6312247644683715 0.8370754173862982
0.9579717516899109 0.2597577388963661 0.3471502590673575 0.19784656796769853 0.33592400690846286
0.9287619590759277 0.06460296096904442 0.35002878526194586 0.0 0.3244099021301094
