0.9999891519546509 0.828 0.4357493502743286 0.736 0.42131100202136873
0.9999864101409912 0.6693333333333333 0.5680046202714409 0.5813333333333334 0.5434594282414091
0.9999829530715942 0.7773333333333333 0.3999422466069882 0.696 0.3823274617383771
0.9999598264694214 0.712 0.05602079122148426 0.5613333333333334 0.03782847242275484
0.9999594688415527 0.7573333333333333 0.3138896910193474 0.6986666666666667 0.3029165463470979
0.9999301433563232 0.6906666666666667 0.6445278660121282 0.5653333333333334 0.6254692463182212
0.9998940229415894 0.696 0.8001732601790356 0.5653333333333334 0.7816921744152469
0.9998936653137207 0.6706666666666666 0.8547502165752238 0.604 0.8437770719029744
0.9998810291290283 0.6826666666666666 0.7259601501588219 0.568 0.7063239965347964
0.999798595905304 0.7906666666666666 0.4877274039849841 0.684 0.4654923476754259
0.9996230602264404 0.6853333333333333 0.1362980075079411 0.5573333333333333 0.11088651458273173
0.9994868040084839 0.5093333333333333 0.29309846953508517 0.4066666666666667 0.27230724805082296
0.9994403719902039 0.19333333333333333 0.26335547213398786 0.104 0.24891712388102802
0.9994121789932251 0.18266666666666667 0.2907883338146116 0.084 0.27519491770141497
0.9993973970413208 0.7866666666666666 0.9893156222928097 0.6906666666666667 0.9714120704591395
0.9993143081665039 0.8506666666666667 0.2613341033785735 0.752 0.24833958995090963
0.9992764592170715 0.6186666666666667 0.42102223505630954 0.5293333333333333 0.40167484839734335
0.9991273283958435 0.8853333333333333 0.8628356915968813 0.7146666666666667 0.8466647415535663
0.999126136302948 0.672 0.21108865145827319 0.5933333333333334 0.18538839156800463
0.9983955025672913 0.976 0.28443546058330926 0.9093333333333333 0.2601790355183367
0.9946512579917908 0.6826666666666666 0.9841178169217442 0.5893333333333334 0.9728559052844354
0.9694653153419495 0.656 0.31793242853017617 0.56 0.2994513427663875
0.8804817199707031 0.316 0.4051400519780537 0.23066666666666666 0.38983540282991624
0.5425276160240173 0.5146666666666667 0.3349696794686688 0.39066666666666666 0.3216863990759457
