0.9990173578262329 0.19612147822905232 0.30990833697075515 0.17014270032930845 0.2902662592754256
0.9931650757789612 0.1035492133186974 0.2208642514185945 0.04354189535309184 0.15626364033173287
0.9915428161621094 0.8090010976948409 0.41292012221737234 0.7570435418953531 0.3574858140549978
0.9835777282714844 0.5093304061470911 0.4168485377564382 0.45554335894621295 0.3561763422086425
0.9821848273277283 0.33296743505305526 0.7363596682671323 0.27442371020856204 0.6586643387167176
0.9450260400772095 0.6187339919502378 0.27062418158009605 0.5671423344310281 0.19642077695329552
0.931411862373352 0.9491401390413465 0.5818419903972064 0.897914379802415 0.5146224356176342
0.8404644131660461 0.7530186608122942 0.17983413356612832 0.7420417124039517 0.15539065910082933
0.7871246933937073 0.5854372484449323 0.1789611523352248 0.5682400292718625 0.1518987341772152
0.768998920917511 0.18514452982070984 0.7695329550414666 0.17270398829125502 0.7525098210388477
0.6703793406486511 0.7826564215148188 0.6123963334788302 0.7705817782656421 0.5888258402444347
0.5328571796417236 0.3991950237833882 0.22261021388040156 0.3534577387486279 0.12701876909646442
