0.9999840259552002 0.517467248908297 0.19001859888406697 0.48180494905385735 0.17978921264724115
0.9999715089797974 0.4759825327510917 0.16676999380037197 0.4410480349344978 0.15406075635461872
0.9999324083328247 0.5189228529839883 0.0712957222566646 0.48398835516739447 0.06261624302541847
0.999901294708252 0.62372634643377 0.22442653440793553 0.5909752547307132 0.21357718536887788
0.999879002571106 0.40829694323144106 0.2250464972101674 0.37336244541484714 0.2138871667699938
0.99986732006073 0.5589519650655022 0.16831990080595163 0.5262008733624454 0.15747055176689398
0.9998399019241333 0.4039301310043668 0.37011779293242403 0.37409024745269287 0.3481091134531928
0.9995808005332947 0.7176128093158661 0.27929324240545567 0.6870451237263464 0.2681339119652821
0.9992949962615967 0.46652110625909754 0.10136391816491011 0.43740902474526927 0.09237445753254804
0.9986642599105835 0.5531295487627366 0.10260384376937384 0.5254730713245997 0.09144451332920024
0.9934709072113037 0.6251819505094615 0.3698078115313081 0.5931586608442504 0.3592684438933664
0.9823635816574097 0.314410480349345 0.27898326100433973 0.2794759825327511 0.2690638561686299
0.5236564874649048 0.7387190684133915 0.44296342219466833 0.7147016011644832 0.4342839429634222
