0.5094946630860041 0.5949633247879146 0.4938179042218193 0.603454829239889
0.5034011750753166 0.7023929868260373 0.4998568643755879 0.7083289527953224
0.3853347328816609 0.5445561369315747 0.366931581171531 0.5546650708029728
0.38123151164851343 0.8934437498483659 0.3691944872336655 0.9115023493162318
0.42708943931731125 0.5445561369315747 0.40868628760718134 0.5546650708029728
0.9015772182613793 0.30372089637938426 0.8863094183240863 0.3188276871568017
0.5127254386084491 0.7518539784720144 0.5010155813351146 0.7611946333691864
0.6040050710906935 0.5965807542073382 0.5869651158035362 0.6042635439496009
0.8910806058044903 0.22328613135144315 0.8747222487288193 0.2380936976862672
0.578963152800687 0.6988993392800822 0.5628365391169213 0.7116770316935295
0.1676186321687092 0.5527565040880529 0.15330506972749702 0.5612480085400273
0.1676186321687092 0.3451675252521168 0.15330506972749702 0.3597243900269302
0.1676186321687092 0.29011022781493373 0.15330506972749702 0.2990060896217641
0.1676186321687092 0.2661318366719772 0.15330506972749702 0.27502769847880765
0.1676186321687092 0.306365393480142 0.15330506972749702 0.31485689793211646
0.2169663426803168 0.24158734523222242 0.19897214989707868 0.25169627910362063
0.9015772182613793 0.6123587781938166 0.8872636558201671 0.620850282645791
0.9472442984309609 0.6244086273685232 0.9329307359897487 0.6329001318204976
0.9472442984309609 0.5999854431352252 0.9329307359897487 0.6084769475871996
0.9472442984309609 0.5832450486441898 0.9329307359897487 0.5917365530961642
0.9472442984309609 0.5303308451877431 0.9329307359897487 0.5388223496397176
0.9472442984309609 0.5075250903738688 0.9329307359897487 0.5160165948258433
0.9472442984309609 0.4691111416625557 0.9329307359897487 0.4776026461145302
0.9472442984309609 0.4467097442035373 0.9329307359897487 0.4552012486555118
0.9472442984309609 0.423903989389663 0.9329307359897487 0.4323954938416375
0.9472442984309609 0.4010982345757887 0.9329307359897487 0.4095897390277632
0.9481985359270417 0.3033327133187226 0.9329307359897487 0.311824217770697
0.9015772182613793 0.5370997873080313 0.8863094183240863 0.5455912917600059
0.19615033330152543 0.5736617793341043 0.16956800305355998 0.5837707132055024
0.8747222487288193 0.23848996789402602 0.8580912523685538 0.24779018705571235
0.8420191665417069 0.24870403467768676 0.8249792112545496 0.25937906884588324
0.8425235492182068 0.2358616450874625 0.8268467903540221 0.24572796454594711
0.1676186321687092 0.5116899711288848 0.15330506972749702 0.5205858329357153
0.1676186321687092 0.5282362740895894 0.15330506972749702 0.5367277785415638
0.1676322641329389 0.4486587466539429 0.15331870169172676 0.45715025110591734
0.1676186321687092 0.42423556242064486 0.15330506972749702 0.43272706687261936
0.568125741238055 0.14496211171585 0.5531305805853566 0.16275383532951082
0.1676186321687092 0.39981237818734683 0.1523508322314162 0.4083038826393213
0.8455907411698952 0.15429467946592482 0.8151505650449173 0.16412865033602095
0.9165723789140777 0.5059804452783192 0.8999413825538122 0.5152806644400055
0.899805062911515 0.5059804452783192 0.8831740665512494 0.5156850217948614
0.21423994983437164 0.4031928056739424 0.19897214989707868 0.4116843101259169
0.2708943931731123 0.5365822098938158 0.25998882178933164 0.5434562849263666
0.5574246493177202 0.7167153243350344 0.545101353654048 0.7313126248453333
0.5593331243098818 0.725425181758631 0.5406164374224682 0.743435258343914
0.8693376228580776 0.5347626017969641 0.8584320514742969 0.5412323194746589
0.5145112259225432 0.739820303591502 0.5010292132993444 0.7560026849328363
0.2794825306378396 0.5436988993392801 0.26721376283108633 0.5550209052752461
0.593685674168791 0.7160926140085562 0.5854928636667257 0.7300752913394741
0.5720244830077565 0.7148957162381827 0.5504178197036411 0.7328815313821743
0.5871968591954415 0.7079084211462723 0.5687391796283927 0.7259427591728466
0.5874694984800359 0.7879550031135516 0.5754461060294178 0.7950878668532102
0.588314680262279 0.7051183553977663 0.5710566135474461 0.7164080127453438
0.5562795643224232 0.7640089605589836 0.5495044781002495 0.773931890047148
0.5738511662145398 0.7669931178378203 0.5628910669738403 0.7828034904126872
0.1814823397903404 0.8708967837415995 0.16215221451258913 0.8890686032688249
0.2006216175688755 0.500715712518095 0.18399062120860996 0.5104202890346372
0.21738893357143832 0.500715712518095 0.20075793721117277 0.5100159316797813
0.20060798560464577 0.42654848649042076 0.18397698924438022 0.4358487056521071
0.21737530160720858 0.42654848649042076 0.20074430524694303 0.4358487056521071
0.20060798560464577 0.38181847589625806 0.18397698924438022 0.3911186950579444
0.21737530160720858 0.38181847589625806 0.20074430524694303 0.3911186950579444
0.20060798560464577 0.3123337080378155 0.18397698924438022 0.32163392719950185
0.21737530160720858 0.3123337080378155 0.20074430524694303 0.32163392719950185
0.16586010878307456 0.22203262355138978 0.14786591599983642 0.23214155742278797
0.18399062120860996 0.22324569561595756 0.1676322641329389 0.23295027213249983
0.16586010878307456 0.17414053844225372 0.149229112422809 0.183845114958796
0.18262742478563737 0.17414053844225372 0.16599642842537182 0.18344075760394005
0.18569461673732568 0.14358729670933984 0.17001785787314094 0.15345361616782446
0.18569461673732568 0.13364010577988403 0.17001785787314094 0.14350642523836865
0.2602887250023856 0.14358729670933984 0.24461196613820085 0.15345361616782446
0.2602887250023856 0.13364010577988403 0.24461196613820085 0.14350642523836865
0.6651853265537031 0.14358729670933984 0.6495085676895184 0.15345361616782446
0.6651853265537031 0.13364010577988403 0.6495085676895184 0.14350642523836865
0.7853238273102772 0.14358729670933984 0.7696470684460924 0.15345361616782446
0.7853238273102772 0.13364010577988403 0.7696470684460924 0.14350642523836865
0.9345665716973158 0.25004650109580845 0.9179355753370503 0.2593467202574948
0.9513338876998787 0.25004650109580845 0.9347028913396132 0.2593467202574948
0.9345665716973158 0.2807291371822762 0.9179355753370503 0.29002935634396254
0.9513338876998787 0.2807291371822762 0.9347028913396132 0.29002935634396254
0.899805062911515 0.3395793066080079 0.8831740665512494 0.34928388312455017
0.9165723789140777 0.3395793066080079 0.8999413825538122 0.3488795257696942
0.899805062911515 0.44070908105747536 0.8831740665512494 0.45041365757401763
0.9165723789140777 0.44070908105747536 0.8999413825538122 0.4500093002191617
0.899805062911515 0.40359716302879833 0.8831740665512494 0.4133017395453406
0.9165723789140777 0.40359716302879833 0.8999413825538122 0.41289738219048466
0.9345665716973158 0.2225663752597996 0.9179355753370503 0.23227095177634186
0.9513338876998787 0.2225663752597996 0.9347028913396132 0.23186659442148594
0.9345665716973158 0.19193226205591454 0.9179355753370503 0.20123248121760087
0.9513338876998787 0.19193226205591454 0.9347028913396132 0.20123248121760087
0.5226631405319192 0.7559460749031565 0.510339844868247 0.7642920107073827
0.8999277505895824 0.595400030731159 0.8876589827828292 0.6038672737418421
0.8333356053273716 0.594785407551778 0.8194310018130513 0.604271631096698
0.27618359529424596 0.5596144048264093 0.25641724716114345 0.5678632948654703
0.39952560764480555 0.14358729670933984 0.38521204520359337 0.15264490145811263
0.39952560764480555 0.1344488204895959 0.38521204520359337 0.14350642523836865
0.43385089357525525 0.14358729670933984 0.4195373311340431 0.15264490145811263
0.43385089357525525 0.1344488204895959 0.4195373311340431 0.14350642523836865
0.2997668934116717 0.14358729670933984 0.28409013454748694 0.15345361616782446
0.2997668934116717 0.13364010577988403 0.28409013454748694 0.14350642523836865
0.5367176956527666 0.14358729670933984 0.5210409367885819 0.15345361616782446
0.5367176956527666 0.13364010577988403 0.5210409367885819 0.14350642523836865
0.5517673841623839 0.762601796964085 0.5390487615360497 0.7732040468084074
0.5444470193710211 0.7694111748198588 0.5275842796188502 0.7773770147105206
0.5266709380154586 0.7546602185147145 0.5088812246956664 0.7695810049088982
0.11694862112681817 0.8083831366808731 0.11215016971795466 0.8175377871948113
0.13416579194896192 0.7886019748813211 0.12353285984977576 0.7976919282184823
0.2367326908134193 0.5365822098938158 0.21170440448764263 0.5442326510476899
0.28234524312608206 0.5937098169878612 0.2653052878389247 0.6038187508592594
0.5935220905980343 0.6895020743532304 0.5531851084422754 0.7084502600017791
0.5197050042940687 0.6923972730139989 0.49519473260902164 0.7098816850379691
0.9481985359270417 0.14586787219072728 0.9345665716973158 0.16204216638496438
0.20593808361846858 0.7285306462439245 0.19758168954564664 0.7328977056763686
0.8947612361465164 0.19650150016578652 0.8813746472729256 0.21601578611113356
0.4079501615387761 0.20166918716084528 0.39490437177092846 0.21455201248655512
0.4078820017176275 0.20127291695308647 0.3942227735594422 0.21474610401688596
0.40777294600378966 0.20090899533371612 0.3936093351691045 0.2149321084001197
0.42107774309200213 0.21093705773414312 0.396717423013482 0.21898376909577608
0.4226999468353395 0.2147541911639831 0.39493163569938794 0.22328613135144315
0.4223727796938261 0.20070681665628817 0.3932685360633614 0.21995422674743031
0.42215466826615045 0.21495636984141103 0.39553144212549585 0.21979248380548794
0.8803795138841556 0.18214681406840108 0.8692013032157804 0.18821217439124
0.8803795138841556 0.17358252529255255 0.8692013032157804 0.17964788561539147
0.8803795138841556 0.1649292778986357 0.8692013032157804 0.17099463822147462
0.9015772182613793 0.18039999029542347 0.8890358111700315 0.18727406532797425
0.24273075507449868 0.17431845567839033 0.23250678190220428 0.18094991629802754
0.25799855501179164 0.17431845567839033 0.24777458183949724 0.18094991629802754
0.22814455334869202 0.17431845567839033 0.21792058017639762 0.18094991629802754
0.21287675341139906 0.17431845567839033 0.20265278023910466 0.18094991629802754
0.21151355698842647 0.16708045902646923 0.19897214989707868 0.17395453405902
0.27122156031462574 0.16708045902646923 0.26004334964625053 0.17314581934930814
0.21695271071608707 0.22586593127542398 0.19895851793284894 0.23597486514682214
0.5936584102403315 0.9411740920155597 0.5684392764153386 0.9470210993667764
0.873345420341617 0.14358729670933984 0.8576686614774323 0.15345361616782446
0.873345420341617 0.13364010577988403 0.8576686614774323 0.14350642523836865
0.9254331556633996 0.14358729670933984 0.9097563967992148 0.15345361616782446
0.9254331556633996 0.13364010577988403 0.9097563967992148 0.14350642523836865
