0.5094946630860041 0.4050366752120854 0.4938179042218193 0.396545170760111
0.5034011750753166 0.29760701317396265 0.4998568643755879 0.2916710472046776
0.3853347328816609 0.4554438630684253 0.366931581171531 0.4453349291970272
0.38123151164851343 0.10655625015163406 0.3691944872336655 0.08849765068376825
0.42708943931731125 0.4554438630684253 0.40868628760718134 0.4453349291970272
0.9015772182613793 0.6962791036206157 0.8863094183240863 0.6811723128431983
0.5127254386084491 0.2481460215279856 0.5010155813351146 0.23880536663081364
0.6040050710906935 0.40341924579266175 0.5869651158035362 0.3957364560503991
0.8910806058044903 0.7767138686485568 0.8747222487288193 0.7619063023137328
0.578963152800687 0.3011006607199178 0.5628365391169213 0.28832296830647053
0.1676186321687092 0.4472434959119471 0.15330506972749702 0.4387519914599727
0.1676186321687092 0.6548324747478832 0.15330506972749702 0.6402756099730698
0.1676186321687092 0.7098897721850663 0.15330506972749702 0.7009939103782359
0.1676186321687092 0.7338681633280228 0.15330506972749702 0.7249723015211924
0.1676186321687092 0.693634606519858 0.15330506972749702 0.6851431020678835
0.2169663426803168 0.7584126547677776 0.19897214989707868 0.7483037208963794
0.9015772182613793 0.38764122180618343 0.8872636558201671 0.379149717354209
0.9472442984309609 0.3755913726314768 0.9329307359897487 0.36709986817950235
0.9472442984309609 0.40001455686477483 0.9329307359897487 0.3915230524128004
0.9472442984309609 0.4167549513558102 0.9329307359897487 0.40826344690383576
0.9472442984309609 0.4696691548122569 0.9329307359897487 0.46117765036028235
0.9472442984309609 0.49247490962613116 0.9329307359897487 0.4839834051741567
0.9472442984309609 0.5308888583374443 0.9329307359897487 0.5223973538854698
0.9472442984309609 0.5532902557964627 0.9329307359897487 0.5447987513444882
0.9472442984309609 0.576096010610337 0.9329307359897487 0.5676045061583626
0.9472442984309609 0.5989017654242113 0.9329307359897487 0.5904102609722368
0.9481985359270417 0.6966672866812774 0.9329307359897487 0.688175782229303
0.9015772182613793 0.4629002126919687 0.8863094183240863 0.45440870823999413
0.19615033330152543 0.42633822066589566 0.16956800305355998 0.41622928679449755
0.8747222487288193 0.761510032105974 0.8580912523685538 0.7522098129442877
0.8420191665417069 0.7512959653223132 0.8249792112545496 0.7406209311541168
0.8425235492182068 0.7641383549125376 0.8268467903540221 0.7542720354540529
0.1676186321687092 0.4883100288711152 0.15330506972749702 0.47941416706428475
0.1676186321687092 0.4717637259104106 0.15330506972749702 0.46327222145843616
0.1676322641329389 0.5513412533460571 0.15331870169172676 0.5428497488940827
0.1676186321687092 0.5757644375793551 0.15330506972749702 0.5672729331273807
0.568125741238055 0.8550378882841501 0.5531305805853566 0.8372461646704892
0.1676186321687092 0.6001876218126532 0.1523508322314162 0.5916961173606787
0.8455907411698952 0.8457053205340752 0.8151505650449173 0.835871349663979
0.9165723789140777 0.4940195547216808 0.8999413825538122 0.48471933555999447
0.899805062911515 0.4940195547216808 0.8831740665512494 0.4843149782051386
0.21423994983437164 0.5968071943260576 0.19897214989707868 0.5883156898740831
0.2708943931731123 0.4634177901061842 0.25998882178933164 0.45654371507363345
0.5574246493177202 0.2832846756649656 0.545101353654048 0.2686873751546667
0.5593331243098818 0.274574818241369 0.5406164374224682 0.256564741656086
0.8693376228580776 0.4652373982030359 0.8584320514742969 0.4587676805253411
0.5145112259225432 0.26017969640849803 0.5010292132993444 0.2439973150671637
0.2794825306378396 0.45630110066071994 0.26721376283108633 0.44497909472475394
0.593685674168791 0.28390738599144383 0.5854928636667257 0.26992470866052587
0.5720244830077565 0.2851042837618173 0.5504178197036411 0.26711846861782573
0.5871968591954415 0.2920915788537277 0.5687391796283927 0.27405724082715344
0.5874694984800359 0.2120449968864484 0.5754461060294178 0.2049121331467898
0.588314680262279 0.29488164460223365 0.5710566135474461 0.2835919872546562
0.5562795643224232 0.2359910394410164 0.5495044781002495 0.22606810995285198
0.5738511662145398 0.23300688216217968 0.5628910669738403 0.21719650958731285
0.1814823397903404 0.1291032162584005 0.16215221451258913 0.11093139673117514
0.2006216175688755 0.499284287481905 0.18399062120860996 0.4895797109653628
0.21738893357143832 0.499284287481905 0.20075793721117277 0.4899840683202187
0.20060798560464577 0.5734515135095792 0.18397698924438022 0.5641512943478929
0.21737530160720858 0.5734515135095792 0.20074430524694303 0.5641512943478929
0.20060798560464577 0.6181815241037419 0.18397698924438022 0.6088813049420556
0.21737530160720858 0.6181815241037419 0.20074430524694303 0.6088813049420556
0.20060798560464577 0.6876662919621845 0.18397698924438022 0.6783660728004981
0.21737530160720858 0.6876662919621845 0.20074430524694303 0.6783660728004981
0.16586010878307456 0.7779673764486102 0.14786591599983642 0.767858442577212
0.18399062120860996 0.7767543043840425 0.1676322641329389 0.7670497278675001
0.16586010878307456 0.8258594615577463 0.149229112422809 0.816154885041204
0.18262742478563737 0.8258594615577463 0.16599642842537182 0.8165592423960599
0.18569461673732568 0.8564127032906601 0.17001785787314094 0.8465463838321755
0.18569461673732568 0.866359894220116 0.17001785787314094 0.8564935747616313
0.2602887250023856 0.8564127032906601 0.24461196613820085 0.8465463838321755
0.2602887250023856 0.866359894220116 0.24461196613820085 0.8564935747616313
0.6651853265537031 0.8564127032906601 0.6495085676895184 0.8465463838321755
0.6651853265537031 0.866359894220116 0.6495085676895184 0.8564935747616313
0.7853238273102772 0.8564127032906601 0.7696470684460924 0.8465463838321755
0.7853238273102772 0.866359894220116 0.7696470684460924 0.8564935747616313
0.9345665716973158 0.7499534989041916 0.9179355753370503 0.7406532797425052
0.9513338876998787 0.7499534989041916 0.9347028913396132 0.7406532797425052
0.9345665716973158 0.7192708628177238 0.9179355753370503 0.7099706436560375
0.9513338876998787 0.7192708628177238 0.9347028913396132 0.7099706436560375
0.899805062911515 0.660420693391992 0.8831740665512494 0.6507161168754498
0.9165723789140777 0.660420693391992 0.8999413825538122 0.6511204742303058
0.899805062911515 0.5592909189425246 0.8831740665512494 0.5495863424259824
0.9165723789140777 0.5592909189425246 0.8999413825538122 0.5499906997808384
0.899805062911515 0.5964028369712017 0.8831740665512494 0.5866982604546593
0.9165723789140777 0.5964028369712017 0.8999413825538122 0.5871026178095153
0.9345665716973158 0.7774336247402004 0.9179355753370503 0.7677290482236582
0.9513338876998787 0.7774336247402004 0.9347028913396132 0.7681334055785141
0.9345665716973158 0.8080677379440855 0.9179355753370503 0.7987675187823992
0.9513338876998787 0.8080677379440855 0.9347028913396132 0.7987675187823992
0.5226631405319192 0.24405392509684354 0.510339844868247 0.23570798929261727
0.8999277505895824 0.404599969268841 0.8876589827828292 0.3961327262581579
0.8333356053273716 0.405214592448222 0.8194310018130513 0.395728368903302
0.27618359529424596 0.44038559517359066 0.25641724716114345 0.43213670513452973
0.39952560764480555 0.8564127032906601 0.38521204520359337 0.8473550985418874
0.39952560764480555 0.8655511795104041 0.38521204520359337 0.8564935747616313
0.43385089357525525 0.8564127032906601 0.4195373311340431 0.8473550985418874
0.43385089357525525 0.8655511795104041 0.4195373311340431 0.8564935747616313
0.2997668934116717 0.8564127032906601 0.28409013454748694 0.8465463838321755
0.2997668934116717 0.866359894220116 0.28409013454748694 0.8564935747616313
0.5367176956527666 0.8564127032906601 0.5210409367885819 0.8465463838321755
0.5367176956527666 0.866359894220116 0.5210409367885819 0.8564935747616313
0.5517673841623839 0.23739820303591497 0.5390487615360497 0.22679595319159263
0.5444470193710211 0.23058882518014123 0.5275842796188502 0.22262298528947944
0.5266709380154586 0.24533978148528546 0.5088812246956664 0.23041899509110175
0.11694862112681817 0.19161686331912686 0.11215016971795466 0.1824622128051887
0.13416579194896192 0.2113980251186789 0.12353285984977576 0.20230807178151766
0.2367326908134193 0.4634177901061842 0.21170440448764263 0.4557673489523101
0.28234524312608206 0.4062901830121388 0.2653052878389247 0.3961812491407406
0.5935220905980343 0.3104979256467696 0.5531851084422754 0.29154973999822087
0.5197050042940687 0.3076027269860011 0.49519473260902164 0.2901183149620309
0.9481985359270417 0.8541321278092727 0.9345665716973158 0.8379578336150356
0.20593808361846858 0.2714693537560755 0.19758168954564664 0.2671022943236314
0.8947612361465164 0.8034984998342135 0.8813746472729256 0.7839842138888664
0.4079501615387761 0.7983308128391547 0.39490437177092846 0.7854479875134449
0.4078820017176275 0.7987270830469135 0.3942227735594422 0.785253895983114
0.40777294600378966 0.7990910046662839 0.3936093351691045 0.7850678915998803
0.42107774309200213 0.7890629422658568 0.396717423013482 0.7810162309042239
0.4226999468353395 0.7852458088360169 0.39493163569938794 0.7767138686485568
0.4223727796938261 0.7992931833437118 0.3932685360633614 0.7800457732525696
0.42215466826615045 0.785043630158589 0.39553144212549585 0.7802075161945121
0.8803795138841556 0.817853185931599 0.8692013032157804 0.8117878256087601
0.8803795138841556 0.8264174747074474 0.8692013032157804 0.8203521143846085
0.8803795138841556 0.8350707221013642 0.8692013032157804 0.8290053617785254
0.9015772182613793 0.8196000097045766 0.8890358111700315 0.8127259346720257
0.24273075507449868 0.8256815443216097 0.23250678190220428 0.8190500837019725
0.25799855501179164 0.8256815443216097 0.24777458183949724 0.8190500837019725
0.22814455334869202 0.8256815443216097 0.21792058017639762 0.8190500837019725
0.21287675341139906 0.8256815443216097 0.20265278023910466 0.8190500837019725
0.21151355698842647 0.8329195409735308 0.19897214989707868 0.8260454659409799
0.27122156031462574 0.8329195409735308 0.26004334964625053 0.8268541806506918
0.21695271071608707 0.774134068724576 0.19895851793284894 0.7640251348531779
0.5936584102403315 0.05882590798444032 0.5684392764153386 0.052978900633223636
0.873345420341617 0.8564127032906601 0.8576686614774323 0.8465463838321755
0.873345420341617 0.866359894220116 0.8576686614774323 0.8564935747616313
0.9254331556633996 0.8564127032906601 0.9097563967992148 0.8465463838321755
0.9254331556633996 0.866359894220116 0.9097563967992148 0.8564935747616313
