0.24804520211090542 0.1745103912821717 0.2376840825574006 0.18114915355780986
0.21779073301467133 0.1745103912821717 0.20742961346116653 0.18114915355780986
0.20231812781477082 0.1745103912821717 0.191957008261266 0.18114915355780986
0.20093664520763685 0.16726442513985929 0.18822700522200425 0.17414606896216714
0.261445583400105 0.16726442513985929 0.2501174260216064 0.17333646380660153
0.8787749012239936 0.18222592841471213 0.867446743845495 0.18829796708145438
0.5882076644655044 0.9422103839957253 0.5626502362335258 0.9480719253220204
0.5061890420799602 0.7520179408502473 0.49367280965932636 0.7620408526761498
0.5726797999613185 0.6996769675429293 0.5569723427182052 0.7117967567217468
0.3466139861299146 0.935879271679202 0.33514768049070265 0.9471813596508982
0.10934434835465422 0.8955447428289224 0.08913325781228415 0.9011714986601035
0.1141657226535518 0.8631281524000745 0.08764125659657945 0.8862990519523628
0.8787749012239936 0.17378174664216262 0.867446743845495 0.17985378530890483
0.8787749012239936 0.16511897147761037 0.867446743845495 0.1711910101443526
0.9002431409388556 0.1806067181035809 0.887533500953223 0.18748836192588875
0.20646257563617273 0.2262603528259268 0.18822700522200425 0.2363804172704972
0.2610311386179648 0.5371730207177959 0.249979277760893 0.5440546645401038
0.8675020031497803 0.5349547025915461 0.8564501422927085 0.5418363464138539
0.88822424225679 0.2232971979565566 0.8730279335783162 0.2317980520899957
0.9002431409388556 0.30542354493713414 0.884770535738955 0.3191868325817499
0.9002431409388556 0.5399256782467191 0.884770535738955 0.5484265323801581
0.1564529052579228 0.4594914060412737 0.14194733788301606 0.4679922601747128
0.1564529052579228 0.5206975558020354 0.14194733788301606 0.5296032125132573
0.2036996104219048 0.2461199672919517 0.18988478435056502 0.25985896678190046
0.8730279335783162 0.23804820389096237 0.8547923631641478 0.24816826833553277
0.8398032768767442 0.24896977743954274 0.8225347442875695 0.2596565654930091
0.840328240267455 0.23612134362071618 0.8244411902854143 0.24599852651861687
0.1564529052579228 0.5414234477845155 0.14194733788301606 0.5503291044957375
0.1564529052579228 0.5652258393581451 0.14194733788301606 0.574131496069367
0.17164921393639654 0.23816154861274155 0.15479512612936203 0.2474720079017463
0.25760506175227255 0.5803330715609997 0.24586245959163375 0.5877814389922035
0.18988478435056502 0.5012751281200158 0.1730306965435305 0.5157184840953067
0.1564529052579228 0.592833375162933 0.14194733788301606 0.6013342292963721
0.1564529052579228 0.6095922018831416 0.14194733788301606 0.6180930560165807
0.17164921393639654 0.34132143753491423 0.15479512612936203 0.350631896823919
0.202732572596911 0.6130573119489625 0.18822700522200425 0.6215581660824017
0.9182024148315973 0.6093898005942502 0.9009338822424225 0.6200765886477165
0.562332495233885 0.1451217241351393 0.5471361865554113 0.16293303755758318
0.8940679136849667 0.19670166859622562 0.8804879396568397 0.21624553705157995
0.2036996104219048 0.4036448424103565 0.18822700522200425 0.41214569654379557
0.4091951482330837 0.1437453953706777 0.394689580858177 0.15281297311301278
0.4091951482330837 0.1345968571127861 0.394689580858177 0.14366443485512115
0.15465697786864863 0.29630739088546515 0.13780289006161411 0.3056178501744699
0.17164921393639654 0.29630739088546515 0.15479512612936203 0.3056178501744699
0.15465697786864863 0.20733178428880236 0.13780289006161411 0.2166422435778071
0.17164921393639654 0.20733178428880236 0.15479512612936203 0.2166422435778071
0.17558643936672838 0.1437453953706777 0.15969938938468764 0.15362257826857842
0.17558643936672838 0.13378725195722047 0.15969938938468764 0.14366443485512115
0.25118116762909953 0.1437453953706777 0.23529411764705882 0.15362257826857842
0.25118116762909953 0.13378725195722047 0.23529411764705882 0.14366443485512115
0.286533307545658 0.1437453953706777 0.27064625756361727 0.15362257826857842
0.286533307545658 0.13378725195722047 0.27064625756361727 0.14366443485512115
0.6750614759760175 0.1437453953706777 0.6591744259939767 0.15362257826857842
0.6750614759760175 0.13378725195722047 0.6591744259939767 0.14366443485512115
0.7874174564142238 0.1437453953706777 0.7715304064321831 0.15362257826857842
0.7874174564142238 0.13378725195722047 0.7715304064321831 0.14366443485512115
0.8643936672837289 0.1437453953706777 0.8485066173016882 0.15362257826857842
0.8643936672837289 0.13378725195722047 0.8485066173016882 0.14366443485512115
0.9083386290166606 0.1437453953706777 0.8924515790346199 0.15362257826857842
0.9083386290166606 0.13378725195722047 0.8924515790346199 0.14366443485512115
0.9506672560992457 0.1813434587951456 0.9338131682922112 0.19065391808415036
0.9336750200314978 0.1813434587951456 0.9168209322244633 0.19065391808415036
0.9506672560992457 0.5070719010338658 0.9338131682922112 0.5163823603228705
0.9336750200314978 0.5070719010338658 0.9168209322244633 0.5163823603228705
0.9506672560992457 0.4721455346227645 0.9338131682922112 0.48145599391176924
0.9336750200314978 0.4721455346227645 0.9168209322244633 0.48145599391176924
0.9506672560992457 0.43594808811742514 0.9338131682922112 0.4452585474064299
0.9336750200314978 0.43594808811742514 0.9168209322244633 0.4452585474064299
0.9506672560992457 0.40102172170632383 0.9338131682922112 0.4103321809953286
0.9336750200314978 0.40102172170632383 0.9168209322244633 0.4103321809953286
0.9506672560992457 0.3726045807459702 0.9338131682922112 0.38191504003497495
0.9336750200314978 0.3726045807459702 0.9168209322244633 0.38191504003497495
0.9506672560992457 0.3481059287385542 0.9338131682922112 0.357416388027559
0.9336750200314978 0.3481059287385542 0.9168209322244633 0.357416388027559
0.9506672560992457 0.5442813539836622 0.9338131682922112 0.5535918132726669
0.9336750200314978 0.5442813539836622 0.9168209322244633 0.5535918132726669
0.9506672560992457 0.32240096504934546 0.9338131682922112 0.3317114243383502
0.9336750200314978 0.32240096504934546 0.9168209322244633 0.3317114243383502
0.9506672560992457 0.2979104090934851 0.9338131682922112 0.30722086838248985
0.9336750200314978 0.2979104090934851 0.9168209322244633 0.30722086838248985
0.9506672560992457 0.23962693394431536 0.9338131682922112 0.24893739323332012
0.9336750200314978 0.23962693394431536 0.9168209322244633 0.24893739323332012
0.9506672560992457 0.2086919209501526 0.9338131682922112 0.21800238023915736
0.9336750200314978 0.2086919209501526 0.9168209322244633 0.21800238023915736
0.2727322963003896 0.5719050818915615 0.260022656314757 0.5791915282916522
0.8985853618102948 0.5960475076305286 0.886152018346089 0.6045159775577451
0.8298566021053795 0.5618740740141033 0.8157654795126129 0.573613348769805
0.26980355317326554 0.544402794756997 0.25737020970905977 0.5557372669349159
0.5503274113778908 0.7642105944930657 0.5275053187080375 0.7836411182266408
0.5681347221838478 0.7678457216415554 0.5570276020224906 0.7836654063813079
0.5819357334291161 0.788822591222261 0.5697372420081231 0.7959714047459054
0.2659354018732904 0.5612021017349839 0.24659464537341474 0.5684885481350745
0.15465697786864863 0.2654695305099703 0.13780289006161411 0.27477998979897506
0.17164921393639654 0.2654695305099703 0.15479512612936203 0.27477998979897506
0.15465697786864863 0.23816154861274155 0.13780289006161411 0.2474720079017463
0.5827784378194678 0.705902831189229 0.565302682839223 0.7172049191609252
0.15465697786864863 0.17872843414266862 0.13780289006161411 0.18803889343167338
0.17164921393639654 0.17872843414266862 0.15479512612936203 0.18803889343167338
0.15465697786864863 0.1583506723770817 0.13780289006161411 0.16766113166608645
0.17164921393639654 0.1583506723770817 0.15479512612936203 0.16766113166608645
0.5325753598762192 0.1437453953706777 0.5166883098941785 0.15362257826857842
0.5325753598762192 0.13378725195722047 0.5166883098941785 0.14366443485512115
0.5514878567678833 0.7175125691200401 0.5389992539993922 0.7321259421779998
0.5534219324178709 0.7262239205939264 0.5344541762219214 0.744253827408373
0.5079987842953058 0.7406429884145502 0.4943359213107507 0.7568431875774185
0.5882352941176471 0.7168891731502546 0.5799187688227005 0.7308872462899844
0.2264940734396154 0.5371730207177959 0.20111623794656425 0.5448399815410024
0.15465697786864863 0.34132143753491423 0.13780289006161411 0.350631896823919
0.9154394496173294 0.5065375616311925 0.8985853618102948 0.5158480209201972
0.8984472135495815 0.5065375616311925 0.8815931257425469 0.5162528234979801
0.20687702041831293 0.5012751281200158 0.19002293261127842 0.5105855874090206
0.18988478435056502 0.42701814325153625 0.1730306965435305 0.43632860254054096
0.20687702041831293 0.42701814325153625 0.19002293261127842 0.43632860254054096
0.18988478435056502 0.38224697814875686 0.1730306965435305 0.3915574374377616
0.20687702041831293 0.38224697814875686 0.19002293261127842 0.3915574374377616
0.18988478435056502 0.31268570318255784 0.1730306965435305 0.3219961624715626
0.20687702041831293 0.31268570318255784 0.19002293261127842 0.3219961624715626
0.8984472135495815 0.33996130087356397 0.8815931257425469 0.3496765627403515
0.9154394496173294 0.33996130087356397 0.8985853618102948 0.3492717601625687
0.8984472135495815 0.4412024255770461 0.8815931257425469 0.45091768744383365
0.9154394496173294 0.4412024255770461 0.8985853618102948 0.45051288486605084
0.8984472135495815 0.4040415489365836 0.8815931257425469 0.4137568108033712
0.9154394496173294 0.4040415489365836 0.8985853618102948 0.4133520082255884
0.8435194650899345 0.15446456763036667 0.8126571436465615 0.16430936632204474
0.8419169452656591 0.16621193843762397 0.8211947061586494 0.17835601577110843
0.9506672560992457 0.26697539609932236 0.9338131682922112 0.2762858553883271
0.9336750200314978 0.26697539609932236 0.9168209322244633 0.2762858553883271
0.5162462354598956 0.7567865152165288 0.5037714475174757 0.7651416404219662
0.545740889122206 0.7634495656468341 0.5328654712237173 0.7740553931847438
0.5383361423479679 0.7702664410566966 0.5212472024977206 0.7782410518390181
0.5203216091509408 0.7554992430191796 0.5022932611278424 0.7704364581393655
0.15465697786864863 0.4127771885651368 0.1391843726687481 0.4212780426985759
0.17026773132926257 0.4127771885651368 0.15479512612936203 0.4212780426985759
0.4967397010471638 0.7031663657634172 0.49313403144254414 0.7091169636568245
0.2325725969110049 0.1745103912821717 0.22221147735750008 0.18114915355780986
