0.24804520211090542 0.8254896087178283 0.2376840825574006 0.8188508464421902
0.21779073301467133 0.8254896087178283 0.20742961346116653 0.8188508464421902
0.20231812781477082 0.8254896087178283 0.191957008261266 0.8188508464421902
0.20093664520763685 0.8327355748601407 0.18822700522200425 0.8258539310378329
0.261445583400105 0.8327355748601407 0.2501174260216064 0.8266635361933985
0.8787749012239936 0.8177740715852879 0.867446743845495 0.8117020329185456
0.5882076644655044 0.05778961600427468 0.5626502362335258 0.05192807467797955
0.5061890420799602 0.2479820591497527 0.49367280965932636 0.23795914732385015
0.5726797999613185 0.3003230324570707 0.5569723427182052 0.2882032432782532
0.3466139861299146 0.06412072832079796 0.33514768049070265 0.052818640349101775
0.10934434835465422 0.10445525717107762 0.08913325781228415 0.09882850133989651
0.1141657226535518 0.13687184759992554 0.08764125659657945 0.1137009480476372
0.8787749012239936 0.8262182533578374 0.867446743845495 0.8201462146910952
0.8787749012239936 0.8348810285223897 0.867446743845495 0.8288089898556474
0.9002431409388556 0.8193932818964191 0.887533500953223 0.8125116380741113
0.20646257563617273 0.7737396471740732 0.18822700522200425 0.7636195827295028
0.2610311386179648 0.46282697928220407 0.249979277760893 0.45594533545989624
0.8675020031497803 0.4650452974084539 0.8564501422927085 0.4581636535861461
0.88822424225679 0.7767028020434434 0.8730279335783162 0.7682019479100043
0.9002431409388556 0.6945764550628659 0.884770535738955 0.68081316741825
0.9002431409388556 0.4600743217532809 0.884770535738955 0.45157346761984185
0.1564529052579228 0.5405085939587263 0.14194733788301606 0.5320077398252872
0.1564529052579228 0.47930244419796464 0.14194733788301606 0.47039678748674274
0.2036996104219048 0.7538800327080483 0.18988478435056502 0.7401410332180995
0.8730279335783162 0.7619517961090376 0.8547923631641478 0.7518317316644673
0.8398032768767442 0.7510302225604573 0.8225347442875695 0.7403434345069909
0.840328240267455 0.7638786563792839 0.8244411902854143 0.7540014734813831
0.1564529052579228 0.45857655221548455 0.14194733788301606 0.44967089550426254
0.1564529052579228 0.4347741606418549 0.14194733788301606 0.425868503930633
0.17164921393639654 0.7618384513872585 0.15479512612936203 0.7525279920982537
0.25760506175227255 0.41966692843900033 0.24586245959163375 0.4122185610077965
0.18988478435056502 0.49872487187998416 0.1730306965435305 0.48428151590469326
0.1564529052579228 0.407166624837067 0.14194733788301606 0.39866577070362785
0.1564529052579228 0.39040779811685844 0.14194733788301606 0.3819069439834193
0.17164921393639654 0.6586785624650857 0.15479512612936203 0.649368103176081
0.202732572596911 0.3869426880510375 0.18822700522200425 0.37844183391759834
0.9182024148315973 0.3906101994057498 0.9009338822424225 0.37992341135228347
0.562332495233885 0.8548782758648608 0.5471361865554113 0.8370669624424169
0.8940679136849667 0.8032983314037744 0.8804879396568397 0.7837544629484201
0.2036996104219048 0.5963551575896435 0.18822700522200425 0.5878543034562045
0.4091951482330837 0.8562546046293222 0.394689580858177 0.8471870268869872
0.4091951482330837 0.8654031428872139 0.394689580858177 0.8563355651448789
0.15465697786864863 0.7036926091145348 0.13780289006161411 0.69438214982553
0.17164921393639654 0.7036926091145348 0.15479512612936203 0.69438214982553
0.15465697786864863 0.7926682157111976 0.13780289006161411 0.783357756422193
0.17164921393639654 0.7926682157111976 0.15479512612936203 0.783357756422193
0.17558643936672838 0.8562546046293222 0.15969938938468764 0.8463774217314216
0.17558643936672838 0.8662127480427795 0.15969938938468764 0.8563355651448789
0.25118116762909953 0.8562546046293222 0.23529411764705882 0.8463774217314216
0.25118116762909953 0.8662127480427795 0.23529411764705882 0.8563355651448789
0.286533307545658 0.8562546046293222 0.27064625756361727 0.8463774217314216
0.286533307545658 0.8662127480427795 0.27064625756361727 0.8563355651448789
0.6750614759760175 0.8562546046293222 0.6591744259939767 0.8463774217314216
0.6750614759760175 0.8662127480427795 0.6591744259939767 0.8563355651448789
0.7874174564142238 0.8562546046293222 0.7715304064321831 0.8463774217314216
0.7874174564142238 0.8662127480427795 0.7715304064321831 0.8563355651448789
0.8643936672837289 0.8562546046293222 0.8485066173016882 0.8463774217314216
0.8643936672837289 0.8662127480427795 0.8485066173016882 0.8563355651448789
0.9083386290166606 0.8562546046293222 0.8924515790346199 0.8463774217314216
0.9083386290166606 0.8662127480427795 0.8924515790346199 0.8563355651448789
0.9506672560992457 0.8186565412048544 0.9338131682922112 0.8093460819158497
0.9336750200314978 0.8186565412048544 0.9168209322244633 0.8093460819158497
0.9506672560992457 0.4929280989661342 0.9338131682922112 0.48361763967712945
0.9336750200314978 0.4929280989661342 0.9168209322244633 0.48361763967712945
0.9506672560992457 0.5278544653772355 0.9338131682922112 0.5185440060882307
0.9336750200314978 0.5278544653772355 0.9168209322244633 0.5185440060882307
0.9506672560992457 0.5640519118825749 0.9338131682922112 0.5547414525935701
0.9336750200314978 0.5640519118825749 0.9168209322244633 0.5547414525935701
0.9506672560992457 0.5989782782936761 0.9338131682922112 0.5896678190046714
0.9336750200314978 0.5989782782936761 0.9168209322244633 0.5896678190046714
0.9506672560992457 0.6273954192540299 0.9338131682922112 0.6180849599650251
0.9336750200314978 0.6273954192540299 0.9168209322244633 0.6180849599650251
0.9506672560992457 0.6518940712614458 0.9338131682922112 0.6425836119724411
0.9336750200314978 0.6518940712614458 0.9168209322244633 0.6425836119724411
0.9506672560992457 0.4557186460163378 0.9338131682922112 0.44640818672733307
0.9336750200314978 0.4557186460163378 0.9168209322244633 0.44640818672733307
0.9506672560992457 0.6775990349506545 0.9338131682922112 0.6682885756616498
0.9336750200314978 0.6775990349506545 0.9168209322244633 0.6682885756616498
0.9506672560992457 0.7020895909065149 0.9338131682922112 0.6927791316175101
0.9336750200314978 0.7020895909065149 0.9168209322244633 0.6927791316175101
0.9506672560992457 0.7603730660556847 0.9338131682922112 0.7510626067666799
0.9336750200314978 0.7603730660556847 0.9168209322244633 0.7510626067666799
0.9506672560992457 0.7913080790498475 0.9338131682922112 0.7819976197608427
0.9336750200314978 0.7913080790498475 0.9168209322244633 0.7819976197608427
0.2727322963003896 0.42809491810843847 0.260022656314757 0.4208084717083478
0.8985853618102948 0.4039524923694714 0.886152018346089 0.3954840224422549
0.8298566021053795 0.4381259259858967 0.8157654795126129 0.42638665123019504
0.26980355317326554 0.45559720524300296 0.25737020970905977 0.4442627330650841
0.5503274113778908 0.23578940550693428 0.5275053187080375 0.21635888177335916
0.5681347221838478 0.2321542783584446 0.5570276020224906 0.21633459361869212
0.5819357334291161 0.21117740877773905 0.5697372420081231 0.20402859525409456
0.2659354018732904 0.43879789826501614 0.24659464537341474 0.43151145186492545
0.15465697786864863 0.7345304694900296 0.13780289006161411 0.7252200102010249
0.17164921393639654 0.7345304694900296 0.15479512612936203 0.7252200102010249
0.15465697786864863 0.7618384513872585 0.13780289006161411 0.7525279920982537
0.5827784378194678 0.29409716881077097 0.565302682839223 0.2827950808390748
0.15465697786864863 0.8212715658573314 0.13780289006161411 0.8119611065683267
0.17164921393639654 0.8212715658573314 0.15479512612936203 0.8119611065683267
0.15465697786864863 0.8416493276229183 0.13780289006161411 0.8323388683339136
0.17164921393639654 0.8416493276229183 0.15479512612936203 0.8323388683339136
0.5325753598762192 0.8562546046293222 0.5166883098941785 0.8463774217314216
0.5325753598762192 0.8662127480427795 0.5166883098941785 0.8563355651448789
0.5514878567678833 0.28248743087995987 0.5389992539993922 0.26787405782200024
0.5534219324178709 0.2737760794060736 0.5344541762219214 0.255746172591627
0.5079987842953058 0.25935701158544977 0.4943359213107507 0.24315681242258147
0.5882352941176471 0.2831108268497454 0.5799187688227005 0.26911275371001564
0.2264940734396154 0.46282697928220407 0.20111623794656425 0.45516001845899756
0.15465697786864863 0.6586785624650857 0.13780289006161411 0.649368103176081
0.9154394496173294 0.49346243836880754 0.8985853618102948 0.4841519790798028
0.8984472135495815 0.49346243836880754 0.8815931257425469 0.4837471765020199
0.20687702041831293 0.49872487187998416 0.19002293261127842 0.4894144125909794
0.18988478435056502 0.5729818567484637 0.1730306965435305 0.563671397459459
0.20687702041831293 0.5729818567484637 0.19002293261127842 0.563671397459459
0.18988478435056502 0.6177530218512431 0.1730306965435305 0.6084425625622384
0.20687702041831293 0.6177530218512431 0.19002293261127842 0.6084425625622384
0.18988478435056502 0.6873142968174422 0.1730306965435305 0.6780038375284374
0.20687702041831293 0.6873142968174422 0.19002293261127842 0.6780038375284374
0.8984472135495815 0.660038699126436 0.8815931257425469 0.6503234372596485
0.9154394496173294 0.660038699126436 0.8985853618102948 0.6507282398374312
0.8984472135495815 0.5587975744229539 0.8815931257425469 0.5490823125561664
0.9154394496173294 0.5587975744229539 0.8985853618102948 0.5494871151339491
0.8984472135495815 0.5959584510634164 0.8815931257425469 0.5862431891966289
0.9154394496173294 0.5959584510634164 0.8985853618102948 0.5866479917744116
0.8435194650899345 0.8455354323696334 0.8126571436465615 0.8356906336779553
0.8419169452656591 0.8337880615623761 0.8211947061586494 0.8216439842288916
0.9506672560992457 0.7330246039006776 0.9338131682922112 0.7237141446116728
0.9336750200314978 0.7330246039006776 0.9168209322244633 0.7237141446116728
0.5162462354598956 0.24321348478347116 0.5037714475174757 0.2348583595780338
0.545740889122206 0.23655043435316592 0.5328654712237173 0.2259446068152562
0.5383361423479679 0.22973355894330338 0.5212472024977206 0.22175894816098185
0.5203216091509408 0.2445007569808204 0.5022932611278424 0.22956354186063455
0.15465697786864863 0.5872228114348632 0.1391843726687481 0.5787219573014242
0.17026773132926257 0.5872228114348632 0.15479512612936203 0.5787219573014242
0.4967397010471638 0.2968336342365828 0.49313403144254414 0.29088303634317547
0.2325725969110049 0.8254896087178283 0.22221147735750008 0.8188508464421902
